M E_tot E_int S T a b c LL_index
0 10.795774715439908 0.7957747154399083 0 63. 0 0 0 1
-3 11.656514140239201 0.6565141402392012 0.9999999999999998 79.99999999999999 0 0 0 2
-3 11.77588034755792 0.7758803475579188 0 79.99999999999999 0 0 0 2
-1 11.696302876011993 0.6963028760119928 1. 80.00000000000001 0 0 0 2
-1 11.636619772352818 0.6366197723528183 1.0000000000000002 80.00000000000001 0 0 0 2
-1 11.736091611784913 0.7360916117849121 0 80. 0 0 0 2
-1 11.795774715444194 0.7957747154441944 0 62.99999999999999 0 0 1.0000000000000002 2
1 11.696302876011993 0.696302876011993 1.0000000000000002 80.00000000000003 0 0 0 1
1 11.636619772352818 0.6366197723528183 1.0000000000000002 80.00000000000003 0 0 0 1
1 11.736091611784913 0.7360916117849127 0 80.00000000000004 0 0 0 1
1 11.795774715444194 0.7957747154441946 0 63.00000000000002 0 1.0000000000000007 0 1
3 11.656514140239201 0.6565141402392012 0.9999999999999998 79.99999999999999 0 0 0 1
3 11.77588034755792 0.7758803475579188 0 79.99999999999999 0 0 0 1
-6 12.656514140243507 0.6565141402435066 0 99. 0 0 0 2
-4 12.616725404469655 0.6167254044696545 1. 99.00000000000003 0 0 0 3
-4 12.537147932923812 0.5371479329238114 1.0000000000000002 99.00000000000003 0 0 0 3
-4 12.748138671636795 0.7481386716367959 0 99.00000000000001 0 0 0 3
-4 12.604678344620591 0.6046783446205914 0 98.99999999999996 0 0 0 3
-4 12.656514140240953 0.6565141402409529 1.0000000000000002 80.00000000000001 0 0 1.0000000000000004 3
-4 12.775880347559045 0.7758803475590446 0 80.00000000000001 0 0 1.0000000000000002 3
-2 12.437676093492755 0.43767609349275477 2.0000000000000004 99.00000000000003 0 0 0 2
-2 12.704061641392585 0.7040616413925839 0.9999999999999998 98.99999999999999 0 0 0 3
-2 12.648082528164291 0.6480825281642911 0.9999999999999998 98.99999999999996 0 0 0 3
-2 12.54756558263949 0.5475655826394885 1. 98.99999999999997 0 0 0 3
-2 12.527403129909473 0.5274031299094722 1.0000000000000002 99.00000000000003 0 0 0 3
-2 12.833776897278781 0.8337768972787815 0 99.00000000000003 0 0 0 3
-2 12.731889236625461 0.7318892366254611 0 98.99999999999997 0 0 0 3
-2 12.69299408628965 0.6929940862896493 0 99.00000000000007 0 0 0 3
-2 12.612623194306604 0.6126231943066031 0 99.0000000000001 0 0 0 3
-2 12.530653494029497 0.5306534940294965 0 98.99999999999999 0 0 0 3
-2 12.69630287601401 0.6963028760140106 1. 80. 0 0 1.0000000000000002 3
-2 12.656514140242646 0.6565141402426458 1.0000000000000002 80.00000000000003 0 1.0000000000000007 0 2
-2 12.636619772355042 0.6366197723550416 0.9999999999999998 79.99999999999997 0 0 1. 3
-2 12.775880347561142 0.7758803475611413 0 80.00000000000003 0 1.0000000000000007 0 2
-2 12.736091611786987 0.7360916117869878 0 80. 0 0 1.0000000000000002 3
-2 12.795774715447012 0.7957747154470108 0 63.000000000000036 0 0 2.0000000000000018 3
0 12.397887357719776 0.3978873577197767 2. 99.00000000000001 0 0 0 2
0 12.69630287601344 0.6963028760134411 1. 99. 0 0 0 2
0 12.688455567977936 0.6884555679779364 0.9999999999999998 98.99999999999997 0 0 0 2
0 12.60423733818485 0.6042373381848506 1.0000000000000002 99.00000000000004 0 0 0 2
0 12.544995240963438 0.5449952409634375 1.0000000000000002 99.00000000000001 0 0 0 2
0 12.489952895549528 0.48995289554952876 1.0000000000000004 99.00000000000006 0 0 0 2
0 12.872849057829677 0.8728490578296774 0 98.99999999999996 0 0 0 2
0 12.740969687228999 0.740969687228999 0 98.99999999999999 0 0 0 2
0 12.656514140241523 0.6565141402415233 0 99. 0 0 0 2
0 12.594456090308144 0.5944560903081435 0 98.99999999999994 0 0 0 2
0 12.696302876014936 0.6963028760149359 0.9999999999999998 79.99999999999997 0 0.9999999999999999 0 2
0 12.696302876014936 0.696302876014936 1. 80. 0 0 1.0000000000000002 2
0 12.636619772356237 0.6366197723562381 1.0000000000000004 80.00000000000006 0 1.0000000000000009 0 2
0 12.636619772356237 0.6366197723562378 0.9999999999999998 79.99999999999999 0 0 1. 2
0 12.736091611787325 0.7360916117873255 0 80.00000000000004 0 1.0000000000000009 0 2
0 12.736091611787325 0.7360916117873251 0 80.00000000000001 0 0 1.0000000000000004 2
0 12.795774715446703 0.7957747154467023 0 62.999999999999986 0 1.0000000000000004 1.0000000000000004 2
0 12.795774715445432 0.7957747154454331 0 63.00000000000003 1.0000000000000002 0 0 2
2 12.437676093492755 0.43767609349275477 2. 99.00000000000001 0 0 0 1
2 12.704061641392585 0.7040616413925842 1.0000000000000002 99.00000000000003 0 0 0 2
2 12.648082528164291 0.6480825281642912 1. 99. 0 0 0 2
2 12.54756558263949 0.5475655826394886 1. 98.99999999999999 0 0 0 2
2 12.527403129909473 0.5274031299094722 1. 99. 0 0 0 2
2 12.833776897278781 0.833776897278781 0 99.00000000000001 0 0 0 2
2 12.731889236625461 0.7318892366254615 0 99. 0 0 0 2
2 12.69299408628965 0.6929940862896491 0 99. 0 0 0 2
2 12.612623194306602 0.6126231943066025 0 98.99999999999999 0 0 0 2
2 12.530653494029496 0.5306534940294962 0 98.99999999999993 0 0 0 2
2 12.69630287601401 0.6963028760140105 1. 79.99999999999997 0 1. 0 1
2 12.636619772355042 0.6366197723550419 1. 79.99999999999997 0 1.0000000000000002 0 1
2 12.656514140242646 0.6565141402426458 1.0000000000000002 80.00000000000001 0 0 1.0000000000000004 2
2 12.775880347561142 0.7758803475611412 0 80.00000000000003 0 0 1.0000000000000004 2
2 12.736091611786987 0.7360916117869872 0 79.99999999999994 0 0.9999999999999997 0 1
2 12.79577471544701 0.7957747154470105 0 63.00000000000001 0 2.000000000000001 0 1
4 12.616725404469655 0.6167254044696542 1. 98.99999999999997 0 0 0 1
4 12.537147932923812 0.5371479329238112 1. 99. 0 0 0 1
4 12.748138671636797 0.7481386716367965 0 99.00000000000006 0 0 0 1
4 12.604678344620591 0.6046783446205917 0 99.00000000000001 0 0 0 1
4 12.656514140240953 0.6565141402409529 1.0000000000000002 80.00000000000003 0 1.0000000000000004 0 1
4 12.775880347559044 0.7758803475590444 0 80.00000000000001 0 1.0000000000000002 0 1
6 12.656514140243507 0.6565141402435066 0 99. 0 0 0 0
-7 13.557042300811268 0.5570423008112687 0.9999999999999998 119.99999999999999 0 0 0 3
-7 13.656514140243702 0.6565141402437017 0 98.99999999999999 0 0 1. 3
-5 13.377992989833247 0.3779929898332465 2.0000000000000004 120.00000000000006 0 0 0 3
-5 13.650148937386387 0.6501489373863876 1. 119.99999999999997 0 0 0 4
-5 13.614112812398549 0.614112812398549 1.0000000000000002 120.00000000000006 0 0 0 4
-5 13.59341770268455 0.5934177026845501 1. 119.99999999999999 0 0 0 4
-5 13.481469032225188 0.48146903222518755 0.9999999999999998 119.99999999999993 0 0 0 4
-5 13.48087816316766 0.4808781631676604 1. 120.00000000000003 0 0 0 4
-5 13.735065964522384 0.7350659645223847 0 120.00000000000004 0 0 0 4
-5 13.61672540446905 0.6167254044690511 0 119.99999999999996 0 0 0 4
-5 13.543147172161419 0.543147172161418 0 120. 0 0 0 4
-5 13.616725404470566 0.6167254044705659 1. 98.99999999999997 0 0 1. 4
-5 13.537147932924514 0.5371479329245141 1. 99.00000000000001 0 0 1.0000000000000004 4
-5 13.748138671637207 0.7481386716372068 0 99. 0 0 1.0000000000000004 4
-5 13.656514140242857 0.6565141402428563 0 98.99999999999996 0 1. 0 2
-5 13.604678344622194 0.6046783446221936 0 99.00000000000001 0 0 1.0000000000000007 4
-5 13.656514140243289 0.6565141402432895 1. 79.99999999999999 0 0 2.000000000000001 4
-5 13.775880347561772 0.7758803475617727 0 79.99999999999997 0 0 2.000000000000001 4
-3 13.417781725606194 0.41778172560619325 2. 119.99999999999996 0 0 0 3
-3 13.318309886177978 0.3183098861779788 2. 120. 0 0 0 3
-3 13.698595484682674 0.6985954846826741 1. 119.99999999999997 0 0 0 4
-3 13.653192347684136 0.6531923476841358 0.9999999999999998 119.99999999999996 0 0 0 4
-3 13.634207895899328 0.6342078958993278 0.9999999999999998 119.99999999999999 0 0 0 4
-3 13.59209289508445 0.5920928950844508 1. 119.99999999999994 0 0 0 4
-3 13.580628290064409 0.5806282900644093 1. 119.99999999999994 0 0 0 4
-3 13.526126880599952 0.5261268805999515 0.9999999999999998 119.99999999999993 0 0 0 4
-3 13.49423403071364 0.49423403071363947 1. 119.99999999999999 0 0 0 4
-3 13.478484478684258 0.47848447868425875 1.0000000000000002 120. 0 0 0 4
-3 13.42650750191849 0.4265075019184892 1. 119.99999999999999 0 0 0 4
-3 13.381907771387217 0.3819077713872171 1.0000000000000002 119.99999999999997 0 0 0 4
-3 13.738712622927723 0.7387126229277237 0 120.00000000000001 0 0 0 4
-3 13.701718632444702 0.7017186324447033 0 120.00000000000004 0 0 0 4
-3 13.641998135029105 0.6419981350291047 0 119.99999999999997 0 0 0 4
-3 13.576936668698965 0.576936668698965 0 120.00000000000004 0 0 0 3
-3 13.53987936949301 0.5398793694930091 0 119.99999999999999 0 0 0 4
-3 13.466291854429313 0.46629185442931226 0 120. 0 0 0 4
-3 13.437676093493423 0.43767609349342174 1.9999999999999996 98.99999999999996 0 0 1.0000000000000002 3
-3 13.70406164139279 0.7040616413927905 1. 98.99999999999997 0 0 1.0000000000000002 4
-3 13.616725404469529 0.6167254044695286 1. 98.99999999999996 0 1.0000000000000002 0 3
-3 13.648082528166348 0.6480825281663479 1.0000000000000002 99.00000000000001 0 0 1.0000000000000007 4
-3 13.537147932926517 0.5371479329265181 0.9999999999999998 98.99999999999991 0 0.9999999999999998 0 3
-3 13.547565582641289 0.5475655826412889 1.0000000000000004 99.00000000000004 0 0 1.0000000000000009 4
-3 13.52740312991067 0.5274031299106705 1.0000000000000002 98.99999999999999 0 0 1.0000000000000007 4
-3 13.833776897280034 0.8337768972800345 0 98.99999999999999 0 0 1.0000000000000002 4
-3 13.74813867163736 0.7481386716373604 0 98.99999999999996 0 1.0000000000000002 0 3
-3 13.731889236627167 0.731889236627167 0 98.99999999999989 0 0 0.9999999999999998 4
-3 13.692994086291003 0.692994086291003 0 98.99999999999986 0 0 0.9999999999999993 4
-3 13.60467834462213 0.604678344622129 0 99. 0 1.0000000000000007 0 3
-3 13.612623194306439 0.6126231943064383 0 98.99999999999993 0 0 1. 4
-3 13.530653494030465 0.5306534940304649 0 99. 0 0 1.0000000000000007 4
-3 13.696302876016404 0.6963028760164036 0.9999999999999998 79.99999999999994 0 0 1.9999999999999998 4
-3 13.656514140243614 0.6565141402436137 1.0000000000000002 79.99999999999997 0 1.0000000000000004 1.0000000000000004 3
-3 13.636619772356957 0.6366197723569571 1.0000000000000002 79.99999999999997 0 0 2. 4
-3 13.656514140242756 0.6565141402427555 0.9999999999999998 79.99999999999991 0.9999999999999998 0 0 3
-3 13.775880347561923 0.7758803475619233 0 79.99999999999994 0 1. 1. 3
-3 13.736091611788828 0.7360916117888272 0 79.99999999999987 0 0 1.999999999999998 4
-3 13.77588034756126 0.7758803475612599 0 79.99999999999994 1.0000000000000004 0 0 3
-3 13.795774715448992 0.795774715448993 0 62.999999999999986 0 0 3.000000000000001 4
-1 13.464346577221274 0.4643465772212744 2.000000000000001 120. 0 0 0 3
-1 13.423596537209418 0.4235965372094178 2.000000000000001 120.00000000000001 0 0 0 3
-1 13.339820225674044 0.33982022567404435 2. 119.99999999999993 0 0 0 3
-1 13.284208619239058 0.28420861923905805 1.9999999999999996 119.99999999999991 0 0 0 3
-1 13.725692013855815 0.7256920138558146 1. 119.99999999999993 0 0 0 3
-1 13.68375753916228 0.6837575391622784 1. 119.99999999999999 0 0 0 3
-1 13.654415989613174 0.6544159896131747 0.9999999999999998 119.99999999999994 0 0 0 3
-1 13.618555025995287 0.6185550259952858 0.9999999999999998 119.99999999999999 0 0 0 3
-1 13.603518296033286 0.6035182960332868 0.9999999999999998 119.99999999999993 0 0 0 3
-1 13.553372937086886 0.5533729370868857 1. 119.99999999999991 0 0 0 3
-1 13.538620658150617 0.5386206581506174 1.0000000000000002 120.00000000000001 0 0 0 3
-1 13.536279132575341 0.5362791325753409 1.0000000000000002 120.00000000000001 0 0 0 3
-1 13.504827374346961 0.5048273743469611 1.0000000000000002 120. 0 0 0 3
-1 13.473478908079706 0.47347890807970583 1. 119.99999999999994 0 0 0 3
-1 13.457654662887773 0.45765466288777323 1.0000000000000002 119.99999999999999 0 0 0 3
-1 13.407435902920419 0.4074359029204186 0.9999999999999998 119.99999999999991 0 0 0 3
-1 13.394416814366947 0.39441681436694603 1. 119.99999999999994 0 0 0 3
-1 13.771844901012113 0.7718449010121121 0 119.99999999999994 0 0 0 3
-1 13.742195169600564 0.7421951696005632 0 119.99999999999999 0 0 0 3
-1 13.714811384593778 0.7148113845937782 0 119.99999999999997 0 0 0 3
-1 13.672830333900855 0.6728303339008543 0 119.99999999999996 0 0 0 3
-1 13.605766566478179 0.6057665664781784 0 119.99999999999996 0 0 0 3
-1 13.562899402640383 0.5628994026403836 0 119.99999999999994 0 0 0 3
-1 13.535198407420916 0.5351984074209162 0 120.00000000000004 0 0 0 3
-1 13.497359197152512 0.49735919715251187 0 119.99999999999996 0 0 0 3
-1 13.437676093495051 0.4376760934950518 2. 99. 0 1.0000000000000004 0 2
-1 13.39788735772131 0.39788735772130973 2. 98.99999999999999 0 0 1.0000000000000004 3
-1 13.704061641393151 0.7040616413931513 0.9999999999999998 98.99999999999989 0 1. 0 3
-1 13.696302876015794 0.6963028760157947 0.9999999999999998 98.99999999999993 0 0 1.0000000000000002 3
-1 13.688455567978266 0.6884555679782667 1. 98.99999999999999 0 0 1. 3
-1 13.648082528166276 0.6480825281662761 1.0000000000000007 99. 0 1.0000000000000013 0 3
-1 13.604237338186325 0.6042373381863239 1.0000000000000004 99.00000000000006 0 0 1.000000000000001 3
-1 13.547565582641571 0.5475655826415713 1.0000000000000002 99.00000000000001 0 1.0000000000000009 0 3
-1 13.527403129911384 0.5274031299113853 1.0000000000000002 99.00000000000003 0 1.0000000000000007 0 3
-1 13.544995240964068 0.5449952409640691 0.9999999999999998 98.99999999999993 0 0 1.0000000000000002 3
-1 13.489952895551435 0.4899528955514344 1. 98.99999999999996 0 0 1.0000000000000004 3
-1 13.87284905783034 0.8728490578303397 0 99.00000000000001 0 0 1.0000000000000004 3
-1 13.833776897279511 0.8337768972795121 0 98.99999999999994 0 0.9999999999999997 0 3
-1 13.731889236627715 0.7318892366277158 0 98.99999999999984 0 0.9999999999999994 0 3
-1 13.740969687228967 0.7409696872289674 0 99.00000000000001 0 0 1.0000000000000009 3
-1 13.69299408629124 0.6929940862912398 0 98.99999999999996 0 1.0000000000000007 0 3
-1 13.656514140243203 0.6565141402432033 0 98.99999999999994 0 0 1. 3
-1 13.612623194306451 0.6126231943064503 0 98.99999999999987 0 1. 0 3
-1 13.594456090310038 0.5944560903100375 0 98.99999999999999 0 0 1. 3
-1 13.530653494032414 0.5306534940324132 0 98.99999999999991 0 0.9999999999999996 0 3
-1 13.696302876016563 0.6963028760165637 1. 79.99999999999996 0 1.0000000000000002 1.0000000000000002 3
-1 13.656514140243932 0.6565141402439324 1.0000000000000002 80. 0 2.0000000000000018 0 2
-1 13.69630287601663 0.6963028760166292 0.9999999999999998 79.99999999999994 0 0 1.9999999999999998 3
-1 13.636619772357395 0.6366197723573951 0.9999999999999998 79.99999999999996 0 1.0000000000000002 1.0000000000000002 3
-1 13.636619772358141 0.6366197723581416 0.9999999999999998 79.99999999999996 0 0 1.9999999999999998 3
-1 13.696302876015162 0.6963028760151623 0.9999999999999998 79.99999999999991 1.0000000000000002 0 0 3
-1 13.636619772356502 0.6366197723565025 1.0000000000000002 80.00000000000001 1.0000000000000007 0 0 3
-1 13.775880347562572 0.7758803475625718 0 79.99999999999999 0 2. 0 2
-1 13.736091611789591 0.7360916117895916 0 79.99999999999994 0 1.0000000000000002 1.0000000000000002 3
-1 13.736091611789082 0.7360916117890826 0 79.99999999999993 0 0 2.0000000000000004 3
-1 13.736091611787113 0.7360916117871144 0 79.99999999999997 1.0000000000000002 0 0 3
-1 13.79577471544883 0.7957747154488307 0 62.99999999999997 0 1.0000000000000004 2.000000000000001 3
-1 13.795774715447632 0.7957747154476311 0 62.99999999999997 1. 0 1. 3
1 13.464346577221274 0.46434657722127454 2.0000000000000004 119.99999999999999 0 0 0 2
1 13.423596537209418 0.4235965372094176 2.0000000000000004 119.99999999999996 0 0 0 2
1 13.339820225674044 0.33982022567404435 2. 120. 0 0 0 2
1 13.284208619239058 0.28420861923905827 2. 119.99999999999999 0 0 0 2
1 13.725692013855815 0.725692013855815 1. 119.99999999999999 0 0 0 3
1 13.683757539162277 0.6837575391622782 1.0000000000000002 119.99999999999997 0 0 0 3
1 13.654415989613176 0.6544159896131749 1. 119.99999999999994 0 0 0 3
1 13.618555025995287 0.6185550259952861 1.0000000000000002 119.99999999999999 0 0 0 3
1 13.603518296033286 0.603518296033287 0.9999999999999993 119.99999999999994 0 0 0 3
1 13.553372937086886 0.5533729370868851 0.9999999999999993 119.9999999999999 0 0 0 3
1 13.538620658150617 0.5386206581506171 0.9999999999999998 119.99999999999996 0 0 0 3
1 13.536279132575341 0.5362791325753407 1.0000000000000002 119.99999999999997 0 0 0 3
1 13.504827374346961 0.5048273743469615 1.0000000000000002 120. 0 0 0 3
1 13.473478908079706 0.47347890807970594 1.0000000000000002 120. 0 0 0 3
1 13.457654662887773 0.45765466288777323 1.0000000000000002 120.00000000000003 0 0 0 3
1 13.407435902920419 0.407435902920419 1.0000000000000002 119.99999999999999 0 0 0 3
1 13.394416814366947 0.3944168143669461 1. 119.99999999999999 0 0 0 3
1 13.771844901012113 0.7718449010121132 0 120.00000000000003 0 0 0 3
1 13.742195169600564 0.7421951696005629 0 119.99999999999996 0 0 0 3
1 13.714811384593778 0.7148113845937779 0 119.99999999999999 0 0 0 3
1 13.672830333900855 0.6728303339008543 0 120.00000000000004 0 0 0 3
1 13.605766566478179 0.6057665664781784 0 119.99999999999993 0 0 0 3
1 13.562899402640385 0.5628994026403841 0 119.99999999999997 0 0 0 3
1 13.535198407420916 0.5351984074209161 0 119.99999999999993 0 0 0 3
1 13.497359197152512 0.49735919715251176 0 119.99999999999997 0 0 0 3
1 13.437676093495051 0.43767609349505193 2.0000000000000004 98.99999999999999 0 0 1.0000000000000007 2
1 13.39788735772131 0.3978873577213097 2. 98.99999999999997 0 0.9999999999999999 0 2
1 13.696302876015794 0.696302876015795 1.0000000000000002 99. 0 1.0000000000000004 0 2
1 13.688455567978266 0.6884555679782662 1. 98.99999999999999 0 1.0000000000000004 0 2
1 13.704061641393151 0.7040616413931516 1. 98.99999999999999 0 0 1.0000000000000004 3
1 13.648082528166276 0.6480825281662759 1.0000000000000002 98.99999999999997 0 0 1.0000000000000007 3
1 13.604237338186323 0.6042373381863233 0.9999999999999998 98.99999999999997 0 1.0000000000000002 0 2
1 13.544995240964068 0.5449952409640689 0.9999999999999998 98.99999999999991 0 0.9999999999999999 0 2
1 13.547565582641571 0.5475655826415712 1.0000000000000002 98.99999999999999 0 0 1.0000000000000002 3
1 13.527403129911384 0.5274031299113852 1.0000000000000002 99.00000000000001 0 0 1.0000000000000004 3
1 13.489952895551435 0.4899528955514342 0.9999999999999998 98.99999999999989 0 0.9999999999999997 0 2
1 13.87284905783034 0.8728490578303393 0 98.99999999999991 0 0.9999999999999999 0 2
1 13.833776897279513 0.8337768972795124 0 98.99999999999993 0 0 1. 3
1 13.740969687228967 0.7409696872289669 0 98.99999999999999 0 0.9999999999999999 0 2
1 13.731889236627715 0.731889236627716 0 98.99999999999994 0 0 0.9999999999999997 3
1 13.69299408629124 0.6929940862912397 0 98.99999999999996 0 0 1.0000000000000002 3
1 13.656514140243203 0.6565141402432032 0 98.99999999999997 0 1. 0 2
1 13.594456090310036 0.5944560903100369 0 98.9999999999999 0 0.9999999999999996 0 2
1 13.612623194306451 0.6126231943064502 0 98.99999999999991 0 0 0.9999999999999998 3
1 13.530653494032414 0.5306534940324134 0 98.99999999999997 0 0 1.0000000000000007 3
1 13.69630287601663 0.6963028760166293 0.9999999999999998 79.99999999999991 0 1.9999999999999996 0 2
1 13.696302876016563 0.6963028760165634 1.0000000000000002 79.99999999999999 0 1.0000000000000004 1.0000000000000004 2
1 13.636619772358141 0.6366197723581417 1. 80.00000000000001 0 1.9999999999999998 0 2
1 13.636619772357395 0.6366197723573951 1. 79.99999999999997 0 1.0000000000000004 1.0000000000000002 2
1 13.656514140243932 0.6565141402439323 1. 79.99999999999999 0 0 2.0000000000000013 3
1 13.696302876015162 0.6963028760151625 1. 79.99999999999994 0.9999999999999999 0 0 2
1 13.636619772356502 0.6366197723565025 1. 79.99999999999999 1. 0 0 2
1 13.736091611789083 0.7360916117890833 0 80.00000000000003 0 2.0000000000000018 0 2
1 13.775880347562572 0.7758803475625715 0 79.99999999999994 0 0 1.9999999999999998 3
1 13.736091611789591 0.7360916117895913 0 80. 0 1.0000000000000002 1.0000000000000007 2
1 13.736091611787113 0.7360916117871134 0 79.9999999999999 0.9999999999999998 0 0 2
1 13.79577471544883 0.7957747154488304 0 62.99999999999997 0 2.0000000000000004 1.0000000000000002 2
1 13.795774715447632 0.7957747154476309 0 62.99999999999993 0.9999999999999996 1. 0 2
3 13.417781725606194 0.41778172560619314 2. 119.99999999999996 0 0 0 1
3 13.318309886177978 0.3183098861779787 2. 119.99999999999993 0 0 0 1
3 13.698595484682674 0.698595484682674 0.9999999999999998 119.9999999999999 0 0 0 2
3 13.653192347684136 0.6531923476841356 0.9999999999999998 119.99999999999993 0 0 0 2
3 13.634207895899328 0.6342078958993278 0.9999999999999998 119.99999999999994 0 0 0 2
3 13.59209289508445 0.592092895084451 1.0000000000000002 119.99999999999997 0 0 0 2
3 13.580628290064409 0.5806282900644093 0.9999999999999998 119.99999999999997 0 0 0 2
3 13.526126880599952 0.5261268805999516 0.9999999999999998 120. 0 0 0 2
3 13.49423403071364 0.4942340307136398 1.0000000000000002 119.99999999999996 0 0 0 2
3 13.478484478684258 0.4784844786842585 1.0000000000000002 119.99999999999999 0 0 0 2
3 13.42650750191849 0.4265075019184892 1.0000000000000002 119.99999999999994 0 0 0 2
3 13.381907771387217 0.381907771387217 0.9999999999999993 119.99999999999991 0 0 0 2
3 13.738712622927723 0.7387126229277231 0 119.99999999999999 0 0 0 2
3 13.701718632444702 0.7017186324447031 0 120. 0 0 0 2
3 13.641998135029105 0.6419981350291045 0 119.99999999999997 0 0 0 2
3 13.576936668698965 0.5769366686989644 0 119.99999999999997 0 0 0 2
3 13.53987936949301 0.5398793694930091 0 120. 0 0 0 2
3 13.466291854429311 0.4662918544293121 0 119.99999999999996 0 0 0 2
3 13.437676093493423 0.43767609349342196 2.0000000000000004 98.99999999999999 0 1.0000000000000004 0 1
3 13.70406164139279 0.7040616413927907 1.0000000000000002 98.99999999999997 0 1.0000000000000004 0 2
3 13.648082528166348 0.6480825281663478 1.0000000000000002 99.00000000000001 0 1.0000000000000004 0 2
3 13.616725404469529 0.6167254044695291 1.0000000000000004 99.00000000000003 0 0 1.0000000000000009 2
3 13.547565582641289 0.5475655826412885 0.9999999999999998 98.99999999999996 0 1. 0 2
3 13.52740312991067 0.5274031299106701 0.9999999999999998 98.9999999999999 0 0.9999999999999998 0 2
3 13.53714793292652 0.5371479329265184 1. 98.99999999999996 0 0 1.0000000000000004 2
3 13.833776897280034 0.8337768972800342 0 98.99999999999996 0 1.0000000000000002 0 2
3 13.731889236627167 0.731889236627167 0 98.99999999999997 0 1.0000000000000002 0 2
3 13.748138671637362 0.7481386716373609 0 99. 0 0 1.000000000000001 2
3 13.692994086291003 0.6929940862910037 0 98.99999999999997 0 0.9999999999999999 0 2
3 13.612623194306439 0.6126231943064383 0 98.99999999999999 0 1.0000000000000007 0 2
3 13.60467834462213 0.604678344622129 0 98.99999999999994 0 0 1.0000000000000002 2
3 13.530653494030465 0.5306534940304648 0 98.99999999999997 0 1.0000000000000002 0 2
3 13.696302876016404 0.6963028760164041 1.0000000000000002 80.00000000000001 0 2.0000000000000018 0 1
3 13.636619772356957 0.6366197723569571 1. 79.99999999999999 0 2.000000000000001 0 1
3 13.656514140243614 0.6565141402436135 1. 79.99999999999996 0 1.0000000000000002 1.0000000000000004 2
3 13.656514140242756 0.6565141402427559 1. 79.99999999999996 1. 0 0 2
3 13.775880347561923 0.7758803475619229 0 79.99999999999997 0 0.9999999999999999 0.9999999999999998 2
3 13.736091611788828 0.736091611788828 0 79.99999999999996 0 2. 0 1
3 13.77588034756126 0.7758803475612599 0 79.99999999999997 1.0000000000000002 0 0 2
3 13.795774715448992 0.7957747154489924 0 62.999999999999964 0 2.999999999999999 0 1
5 13.377992989833245 0.37799298983324636 2.000000000000001 120.00000000000006 0 0 0 1
5 13.650148937386387 0.6501489373863878 1. 120. 0 0 0 1
5 13.614112812398549 0.6141128123985491 1.0000000000000002 120.00000000000006 0 0 0 1
5 13.59341770268455 0.59341770268455 0.9999999999999998 119.99999999999996 0 0 0 1
5 13.481469032225188 0.481469032225188 1.0000000000000002 120.00000000000004 0 0 0 1
5 13.48087816316766 0.4808781631676603 1. 120.00000000000001 0 0 0 1
5 13.735065964522384 0.7350659645223852 0 120.00000000000009 0 0 0 1
5 13.61672540446905 0.6167254044690514 0 120.00000000000003 0 0 0 1
5 13.543147172161419 0.5431471721614178 0 119.99999999999996 0 0 0 1
5 13.616725404470566 0.6167254044705661 1.0000000000000002 99.00000000000001 0 1.0000000000000004 0 1
5 13.537147932924514 0.5371479329245141 1.0000000000000002 99.00000000000001 0 1.0000000000000004 0 1
5 13.748138671637207 0.7481386716372067 0 98.99999999999999 0 1.0000000000000004 0 1
5 13.656514140242855 0.656514140242856 0 98.99999999999996 0 0 0.9999999999999998 1
5 13.604678344622194 0.6046783446221937 0 99.00000000000003 0 1.0000000000000007 0 1
5 13.656514140243289 0.6565141402432892 1. 79.99999999999997 0 2.0000000000000004 0 1
5 13.775880347561772 0.7758803475617727 0 80. 0 2.0000000000000004 0 1
7 13.557042300811268 0.5570423008112687 0.9999999999999998 119.99999999999999 0 0 0 0
7 13.656514140243702 0.6565141402437017 0 98.99999999999999 0 1. 0 0
-8 14.482438421240147 0.4824384212401461 1. 143. 0 0 0 4
-8 14.632419546193717 0.6324195461937169 0 143.00000000000003 0 0 0 4
-8 14.471717871489364 0.47171787148936417 0 142.99999999999997 0 0 0 4
-8 14.55704230081299 0.5570423008129902 1. 120.00000000000001 0 0 1. 4
-8 14.656514140244155 0.6565141402441554 0 99.00000000000006 0 0 2.0000000000000013 4
-6 14.377992989837422 0.37799298983742247 2. 143.00000000000006 0 0 0 4
-6 14.328257070121 0.3282570701209987 2. 142.99999999999997 0 0 0 4
-6 14.61004365737413 0.61004365737413 1.0000000000000002 143.00000000000003 0 0 0 5
-6 14.58655843766237 0.5865584376623699 1. 142.99999999999994 0 0 0 5
-6 14.573191387982138 0.5731913879821382 0.9999999999999993 142.99999999999986 0 0 0 5
-6 14.53813415700237 0.5381341570023691 1.0000000000000002 143.00000000000006 0 0 0 5
-6 14.48704849944593 0.48704849944593015 0.9999999999999993 142.99999999999991 0 0 0 5
-6 14.457107216656045 0.45710721665604526 1.0000000000000002 143.00000000000003 0 0 0 5
-6 14.401648959428284 0.40164895942828394 1. 142.99999999999991 0 0 0 5
-6 14.340062037593569 0.3400620375935693 1. 143. 0 0 0 5
-6 14.707668363391797 0.7076683633917965 0 143.00000000000003 0 0 0 5
-6 14.653601396936475 0.6536013969364755 0 143. 0 0 0 5
-6 14.595376801291788 0.5953768012917879 0 142.99999999999994 0 0 0 5
-6 14.547658659154438 0.5476586591544378 0 142.99999999999994 0 0 0 5
-6 14.500822512278344 0.5008225122783436 0 142.99999999999997 0 0 0 5
-6 14.451518687172888 0.451518687172888 0 143. 0 0 0 5
-6 14.377992989834743 0.37799298983474366 2.0000000000000004 120.00000000000004 0 0 1.0000000000000009 4
-6 14.65014893738658 0.6501489373865811 0.9999999999999998 119.99999999999997 0 0 1.0000000000000002 5
-6 14.61411281240088 0.6141128124008786 1. 120.00000000000001 0 0 1.0000000000000002 5
-6 14.593417702686377 0.593417702686377 1. 119.99999999999999 0 0 1.0000000000000002 5
-6 14.557042300810853 0.5570423008108536 1. 119.99999999999999 0 1.0000000000000004 0 3
-6 14.481469032225512 0.4814690322255109 1. 120. 0 0 1. 5
-6 14.480878163167013 0.48087816316701215 0.9999999999999998 119.99999999999991 0 0 0.9999999999999994 5
-6 14.735065964524763 0.7350659645247631 0 119.99999999999997 0 0 0.9999999999999999 5
-6 14.616725404471147 0.6167254044711475 0 119.99999999999997 0 0 1. 5
-6 14.543147172162415 0.5431471721624158 0 120.00000000000003 0 0 1.0000000000000004 5
-6 14.61672540447213 0.6167254044721299 0.9999999999999993 98.99999999999991 0 0 1.9999999999999991 5
-6 14.537147932925953 0.537147932925953 1. 99.00000000000003 0 0 2. 5
-6 14.748138671637252 0.7481386716372511 0 98.99999999999999 0 0 2.000000000000001 5
-6 14.656514140243287 0.6565141402432871 0 99. 0 1.0000000000000009 1.0000000000000007 3
-6 14.6046783446237 0.6046783446237005 0 99. 0 0 2.0000000000000004 5
-6 14.656514140245825 0.6565141402458244 0 99.00000000000006 1.0000000000000009 0 0 3
-6 14.656514140245157 0.6565141402451569 0.9999999999999998 79.99999999999999 0 0 3. 5
-6 14.775880347563703 0.7758803475637022 0 79.99999999999999 0 0 3.0000000000000004 5
-4 14.424225198638329 0.4242251986383288 1.9999999999999996 142.99999999999991 0 0 0 4
-4 14.41778172560952 0.4177817256095202 2. 142.99999999999991 0 0 0 4
-4 14.407279633192797 0.40727963319279636 2.000000000000001 143.00000000000003 0 0 0 4
-4 14.312325743290204 0.3123257432902041 1.9999999999999991 142.99999999999986 0 0 0 4
-4 14.287214834059874 0.2872148340598748 2. 143. 0 0 0 4
-4 14.190345573540343 0.1903455735403435 2. 142.99999999999991 0 0 0 4
-4 14.68428545405952 0.6842854540595195 0.9999999999999993 142.99999999999997 0 0 0 5
-4 14.647770793863513 0.6477707938635137 1.0000000000000004 142.99999999999997 0 0 0 5
-4 14.63514125196362 0.6351412519636201 0.9999999999999996 142.9999999999999 0 0 0 5
-4 14.605054731038042 0.605054731038042 1. 142.99999999999994 0 0 0 5
-4 14.571284335650617 0.5712843356506168 0.9999999999999991 142.9999999999998 0 0 0 5
-4 14.55354682912911 0.5535468291291095 0.9999999999999998 142.99999999999986 0 0 0 5
-4 14.548240779589662 0.548240779589662 1. 142.99999999999997 0 0 0 5
-4 14.524807105065513 0.5248071050655135 0.9999999999999998 143. 0 0 0 5
-4 14.510074786636412 0.5100747866364124 1. 142.99999999999986 0 0 0 5
-4 14.475946994732869 0.4759469947328682 1. 142.99999999999991 0 0 0 5
-4 14.460725666671069 0.46072566667106885 1. 142.99999999999991 0 0 0 5
-4 14.43756579426885 0.43756579426884845 1. 143. 0 0 0 5
-4 14.415717729526067 0.4157177295260669 0.9999999999999998 142.99999999999991 0 0 0 5
-4 14.388444577771342 0.38844457777134145 1. 143.00000000000003 0 0 0 5
-4 14.386503728293551 0.3865037282935507 1.0000000000000002 142.99999999999994 0 0 0 5
-4 14.311580275067534 0.3115802750675335 1.0000000000000004 143.00000000000014 0 0 0 5
-4 14.787484921786636 0.7874849217866358 0 143.00000000000003 0 0 0 5
-4 14.755664125994263 0.755664125994263 0 142.99999999999991 0 0 0 5
-4 14.728087081478453 0.7280870814784534 0 143.00000000000006 0 0 0 5
-4 14.654432173840023 0.6544321738400225 0 143. 0 0 0 5
-4 14.643978752299022 0.6439787522990211 0 143. 0 0 0 5
-4 14.607672952892933 0.607672952892933 0 142.9999999999999 0 0 0 5
-4 14.578454315860988 0.5784543158609878 0 143.00000000000006 0 0 0 5
-4 14.554967015119653 0.5549670151196527 0 142.99999999999991 0 0 0 5
-4 14.534851348769962 0.5348513487699622 0 143. 0 0 0 5
-4 14.523754075211842 0.5237540752118421 0 142.99999999999991 0 0 0 5
-4 14.494250921655492 0.4942509216554925 0 142.99999999999991 0 0 0 5
-4 14.423490786996695 0.4234907869966955 0 142.9999999999999 0 0 0 5
-4 14.413565948518597 0.41356594851859746 0 143.00000000000006 0 0 0 5
-4 14.386406125314396 0.3864061253143955 0 142.99999999999994 0 0 0 5
-4 14.417781725608004 0.4177817256080038 2. 119.99999999999996 0 0 1.0000000000000002 4
-4 14.377992989836367 0.3779929898363664 2. 119.99999999999999 0 1.0000000000000007 0 3
-4 14.318309886178248 0.31830988617824874 2. 119.99999999999994 0 0 0.9999999999999999 4
-4 14.698595484683613 0.6985954846836134 0.9999999999999998 119.9999999999999 0 0 0.999999999999999 5
-4 14.650148937387502 0.6501489373875029 1.0000000000000002 120.00000000000001 0 1.0000000000000009 0 4
-4 14.653192347683184 0.653192347683184 1. 119.99999999999997 0 0 0.9999999999999998 5
-4 14.61411281240107 0.6141128124010696 1. 119.99999999999994 0 1.0000000000000002 0 4
-4 14.634207895901087 0.6342078959010868 1. 119.99999999999997 0 0 0.9999999999999998 5
-4 14.593417702684444 0.5934177026844447 0.9999999999999998 119.99999999999986 0 0.9999999999999998 0 4
-4 14.592092895085695 0.5920928950856954 0.9999999999999998 120. 0 0 1.0000000000000004 5
-4 14.58062829006562 0.5806282900656199 1.0000000000000009 120.00000000000004 0 0 1.0000000000000013 5
-4 14.52612688060004 0.5261268806000408 1.0000000000000004 120.00000000000003 0 0 1.0000000000000007 5
-4 14.48146903222529 0.48146903222529003 1.0000000000000002 119.99999999999993 0 1.0000000000000007 0 4
-4 14.480878163167906 0.4808781631679062 1. 119.99999999999991 0 1. 0 4
-4 14.494234030714905 0.4942340307149053 1.0000000000000002 119.99999999999993 0 0 1.0000000000000002 5
-4 14.478484478685264 0.4784844786852635 1.0000000000000004 120. 0 0 1.0000000000000009 5
-4 14.426507501918229 0.426507501918229 1.0000000000000007 119.99999999999997 0 0 1.0000000000000004 5
-4 14.381907771387908 0.38190777138790816 0.9999999999999998 119.99999999999989 0 0 1. 5
-4 14.735065964526965 0.7350659645269648 0 120. 0 1.0000000000000007 0 4
-4 14.73871262292916 0.7387126229291604 0 119.99999999999991 0 0 0.9999999999999998 5
-4 14.701718632446212 0.7017186324462117 0 120.00000000000009 0 0 1.0000000000000009 5
-4 14.616725404472293 0.6167254044722926 0 119.99999999999991 0 1.0000000000000002 0 4
-4 14.641998135030473 0.6419981350304731 0 120.00000000000004 0 0 1.000000000000001 5
-4 14.576936668699194 0.576936668699194 0 119.99999999999999 0 0 1. 4
-4 14.543147172161815 0.5431471721618149 0 119.99999999999983 0 0.9999999999999993 0 4
-4 14.539879369494503 0.5398793694945038 0 120.00000000000003 0 0 1.0000000000000009 5
-4 14.46629185443036 0.46629185443035936 0 119.99999999999999 0 0 1.0000000000000004 5
-4 14.437676093494478 0.4376760934944784 2. 98.99999999999999 0 0 2.0000000000000013 4
-4 14.704061641393645 0.7040616413936456 0.9999999999999996 98.99999999999993 0 0 1.9999999999999998 5
-4 14.616725404471175 0.6167254044711756 0.9999999999999998 98.9999999999999 0 0.9999999999999998 1. 4
-4 14.64808252816793 0.6480825281679298 1.0000000000000002 98.99999999999997 0 0 2.0000000000000013 5
-4 14.537147932926457 0.5371479329264575 1. 98.99999999999991 0 0.9999999999999999 1. 4
-4 14.547565582642585 0.5475655826425853 0.9999999999999998 98.99999999999996 0 0 2. 5
-4 14.527403129912427 0.5274031299124263 0.9999999999999993 98.99999999999989 0 0 1.9999999999999991 5
-4 14.616725404471913 0.6167254044719127 1.0000000000000004 98.99999999999994 1.0000000000000004 0 0 4
-4 14.537147932926215 0.5371479329262148 1.0000000000000002 99. 1. 0 0 4
-4 14.833776897280682 0.8337768972806813 0 98.99999999999991 0 0 1.9999999999999998 5
-4 14.748138671638088 0.7481386716380889 0 98.99999999999994 0 1.0000000000000002 1. 4
-4 14.7318892366292 0.7318892366291998 0 98.99999999999987 0 0 1.9999999999999987 5
-4 14.656514140243537 0.6565141402435367 0 98.99999999999989 0 1.9999999999999998 0 2
-4 14.692994086291346 0.6929940862913461 0 98.99999999999997 0 0 2.0000000000000013 5
-4 14.60467834462356 0.60467834462356 0 98.99999999999996 0 1.0000000000000004 1.0000000000000007 4
-4 14.612623194307833 0.6126231943078325 0 99.00000000000004 0 0 2.0000000000000018 5
-4 14.530653494031936 0.5306534940319355 0 98.99999999999994 0 0 2. 5
-4 14.748138671639147 0.7481386716391477 0 98.99999999999993 1.0000000000000004 0 0 4
-4 14.604678344623233 0.6046783446232321 0 98.99999999999987 1.0000000000000002 0 0 4
-4 14.696302876017869 0.6963028760178698 1. 79.99999999999996 0 0 3.0000000000000004 5
-4 14.656514140244706 0.6565141402447061 1.0000000000000002 79.99999999999993 0 1.0000000000000007 2.0000000000000004 4
-4 14.636619772358559 0.6366197723585592 1.0000000000000002 79.99999999999991 0 0 3.0000000000000018 5
-4 14.656514140243981 0.6565141402439818 1. 79.99999999999996 1. 0 1.0000000000000002 4
-4 14.775880347563144 0.775880347563144 0 79.99999999999994 0 1.0000000000000002 2. 4
-4 14.736091611790204 0.7360916117902037 0 79.99999999999993 0 0 3.0000000000000013 5
-4 14.775880347562632 0.775880347562632 0 79.99999999999994 1.0000000000000004 0 1.0000000000000009 4
-4 14.795774715450293 0.7957747154502934 0 62.999999999999936 0 0 4.000000000000002 5
-2 14.433600401122419 0.4336004011224189 2. 142.99999999999994 0 0 0 4
-2 14.423184474570906 0.42318447457090574 2.000000000000001 142.99999999999997 0 0 0 4
-2 14.374886279751392 0.37488627975139244 2.000000000000001 143.00000000000006 0 0 0 4
-2 14.34659448846608 0.34659448846608015 2.000000000000001 142.99999999999997 0 0 0 4
-2 14.288437457966685 0.2884374579666859 2.000000000000001 143.0000000000001 0 0 0 4
-2 14.262639965649676 0.2626399656496754 2.000000000000001 143. 0 0 0 4
-2 14.24861687096847 0.24861687096847115 1.9999999999999996 142.9999999999999 0 0 0 4
-2 14.178466334875846 0.178466334875846 2. 143. 0 0 0 4
-2 14.702669307141937 0.7026693071419378 0.9999999999999998 142.99999999999986 0 0 0 4
-2 14.669622702678602 0.6696227026786016 1. 142.99999999999997 0 0 0 4
-2 14.665570023641374 0.6655700236413744 1.0000000000000002 142.9999999999999 0 0 0 4
-2 14.641880753511144 0.6418807535111435 1.0000000000000004 143.0000000000001 0 0 0 4
-2 14.628807855609546 0.6288078556095466 1. 143. 0 0 0 4
-2 14.604377898349709 0.6043778983497095 1.0000000000000004 143.00000000000003 0 0 0 4
-2 14.59068606950833 0.59068606950833 1.0000000000000002 143.00000000000003 0 0 0 4
-2 14.564811674233002 0.5648116742330024 1.0000000000000007 143.00000000000006 0 0 0 4
-2 14.556039357548851 0.5560393575488505 1. 142.9999999999999 0 0 0 4
-2 14.532670220917117 0.5326702209171168 1.0000000000000007 143.00000000000009 0 0 0 4
-2 14.506666393384737 0.5066663933847377 0.9999999999999998 142.99999999999983 0 0 0 4
-2 14.499785373022977 0.4997853730229766 1.0000000000000009 143. 0 0 0 4
-2 14.497172610368196 0.4971726103681953 1.000000000000001 143.0000000000001 0 0 0 4
-2 14.48638511942581 0.48638511942580936 1.0000000000000002 143.00000000000009 0 0 0 4
-2 14.471865193438818 0.47186519343881855 0.9999999999999996 142.99999999999977 0 0 0 4
-2 14.459047458697793 0.45904745869779223 1. 142.99999999999991 0 0 0 4
-2 14.441642445046929 0.44164244504692834 1.0000000000000007 143. 0 0 0 4
-2 14.42871934884001 0.42871934884001056 1.0000000000000002 143. 0 0 0 4
-2 14.405548663453695 0.40554866345369506 1. 142.99999999999997 0 0 0 4
-2 14.387992548037726 0.3879925480377259 1. 142.99999999999997 0 0 0 4
-2 14.381137992007933 0.3811379920079333 0.9999999999999998 142.99999999999991 0 0 0 4
-2 14.36622716076638 0.36622716076637923 1.0000000000000002 142.9999999999999 0 0 0 4
-2 14.354020221642193 0.3540202216421928 0.9999999999999998 142.9999999999999 0 0 0 4
-2 14.277297243382721 0.27729724338272044 0.9999999999999993 142.99999999999977 0 0 0 4
-2 14.78680082144135 0.7868008214413501 0 142.99999999999997 0 0 0 4
-2 14.75299673120127 0.7529967312012701 0 142.99999999999977 0 0 0 4
-2 14.723669221588818 0.7236692215888171 0 143. 0 0 0 4
-2 14.706689388316292 0.7066893883162922 0 142.99999999999986 0 0 0 4
-2 14.68614429663824 0.6861442966382393 0 143.0000000000001 0 0 0 4
-2 14.654908393580213 0.6549083935802132 0 142.9999999999998 0 0 0 4
-2 14.63429762206779 0.6342976220677891 0 143. 0 0 0 4
-2 14.60553754973624 0.6055375497362399 0 142.99999999999997 0 0 0 4
-2 14.588608362937316 0.5886083629373171 0 143. 0 0 0 4
-2 14.563364586858574 0.5633645868585745 0 142.99999999999991 0 0 0 4
-2 14.528777673582319 0.5287776735823195 0 142.99999999999991 0 0 0 4
-2 14.490027141560313 0.4900271415603124 0 142.99999999999994 0 0 0 4
-2 14.478832753478379 0.47883275347837917 0 142.9999999999998 0 0 0 4
-2 14.477716516343587 0.4777165163435875 0 143.00000000000003 0 0 0 4
-2 14.423826727364885 0.4238267273648851 0 142.99999999999983 0 0 0 4
-2 14.372494919109004 0.3724949191090037 0 142.99999999999986 0 0 0 4
-2 14.464346577223116 0.4643465772231161 2.0000000000000004 119.99999999999991 0 0 1. 4
-2 14.417781725609029 0.41778172560902804 1.9999999999999991 119.99999999999986 0 0.9999999999999998 0 3
-2 14.423596537210656 0.4235965372106563 2.0000000000000004 120.00000000000004 0 0 1.0000000000000007 4
-2 14.318309886178575 0.31830988617857564 1.9999999999999987 119.99999999999984 0 0.9999999999999991 0 3
-2 14.339820225674782 0.33982022567478154 2.000000000000001 119.99999999999993 0 0 1.0000000000000004 4
-2 14.28420861923962 0.2842086192396193 2. 120. 0 0 1.000000000000001 4
-2 14.698595484683793 0.698595484683793 1.0000000000000004 119.99999999999996 0 1.0000000000000009 0 4
-2 14.725692013856987 0.725692013856987 1.0000000000000002 120. 0 0 1.0000000000000002 4
-2 14.65319234768531 0.6531923476853109 1. 119.99999999999997 0 1.0000000000000007 0 4
-2 14.683757539163146 0.6837575391631465 1.0000000000000002 120. 0 0 1.0000000000000004 4
-2 14.634207895902016 0.6342078959020148 0.9999999999999998 119.99999999999994 0 0.9999999999999996 0 4
-2 14.654415989612499 0.6544159896124979 1.0000000000000002 119.99999999999993 0 0 1.0000000000000007 4
-2 14.59209289508538 0.5920928950853783 1.0000000000000007 120. 0 1.0000000000000004 0 4
-2 14.6185550259974 0.6185550259973999 0.9999999999999993 119.99999999999987 0 0 0.9999999999999998 4
-2 14.580628290065722 0.5806282900657223 0.9999999999999991 119.99999999999984 0 0.9999999999999996 0 4
-2 14.603518296033931 0.6035182960339305 0.9999999999999998 119.99999999999997 0 0 1.0000000000000004 4
-2 14.52612688060104 0.526126880601041 1. 119.99999999999994 0 1.0000000000000002 0 4
-2 14.55337293708778 0.5533729370877788 1. 119.99999999999997 0 0 1.0000000000000002 4
-2 14.53862065815156 0.5386206581515591 0.9999999999999991 119.99999999999982 0 0 0.999999999999999 4
-2 14.536279132576093 0.5362791325760923 1. 119.99999999999994 0 0 1.0000000000000002 4
-2 14.49423403071495 0.4942340307149486 1.0000000000000002 120. 0 1.0000000000000009 0 4
-2 14.478484478684976 0.4784844786849763 1. 119.99999999999994 0 1.0000000000000007 0 4
-2 14.504827374348455 0.5048273743484553 0.9999999999999998 119.99999999999993 0 0 1. 4
-2 14.473478908080418 0.47347890808041854 0.9999999999999998 119.9999999999999 0 0 0.9999999999999999 4
-2 14.426507501919676 0.426507501919677 1.0000000000000002 119.99999999999997 0 0.9999999999999998 0 4
-2 14.457654662888514 0.45765466288851364 1.0000000000000007 119.99999999999996 0 0 1.0000000000000016 4
-2 14.381907771389226 0.3819077713892259 1.0000000000000007 120.00000000000003 0 1.0000000000000009 0 4
-2 14.407435902921364 0.407435902921364 1. 119.99999999999991 0 0 1. 4
-2 14.394416814367133 0.3944168143671327 0.9999999999999998 119.9999999999999 0 0 1.0000000000000002 4
-2 14.738712622930143 0.7387126229301418 0 119.99999999999996 0 1.0000000000000007 0 4
-2 14.771844901013596 0.7718449010135962 0 119.9999999999999 0 0 1.0000000000000002 4
-2 14.742195169601356 0.7421951696013557 0 119.99999999999994 0 0 1.0000000000000007 4
-2 14.701718632445623 0.7017186324456218 0 119.99999999999993 0 1.0000000000000004 0 4
-2 14.714811384593787 0.7148113845937873 0 119.99999999999993 0 0 0.9999999999999998 4
-2 14.64199813502995 0.6419981350299513 0 119.99999999999983 0 0.9999999999999994 0 4
-2 14.672830333902748 0.6728303339027476 0 120.00000000000001 0 0 1.0000000000000007 4
-2 14.57693666869938 0.5769366686993798 0 120.00000000000003 0 1.0000000000000009 0 3
-2 14.605766566479794 0.6057665664797929 0 120.00000000000001 0 0 1.0000000000000009 4
-2 14.539879369495207 0.5398793694952069 0 119.99999999999999 0 1. 0 4
-2 14.5628994026412 0.5628994026412008 0 119.99999999999999 0 0 1.0000000000000004 4
-2 14.53519840742321 0.5351984074232096 0 119.99999999999986 0 0 0.9999999999999991 4
-2 14.466291854431216 0.4662918544312151 0 119.99999999999989 0 1.0000000000000004 0 4
-2 14.497359197153017 0.49735919715301624 0 119.99999999999994 0 0 1.0000000000000002 4
-2 14.437676093495574 0.43767609349557385 1.9999999999999996 98.99999999999996 0 1.0000000000000004 1.0000000000000002 3
-2 14.397887357722695 0.3978873577226953 1.9999999999999996 98.99999999999993 0 0 1.9999999999999993 4
-2 14.437676093495433 0.4376760934954336 2.0000000000000004 98.9999999999999 1.0000000000000004 0 0 3
-2 14.704061641394432 0.7040616413944316 1. 98.9999999999999 0 1.0000000000000007 1.0000000000000002 4
-2 14.696302876017404 0.696302876017403 1. 98.99999999999996 0 0 2.000000000000001 4
-2 14.688455567979355 0.6884555679793558 1.0000000000000002 98.99999999999993 0 0 2.0000000000000013 4
-2 14.616725404470278 0.6167254044702783 1.0000000000000004 98.99999999999997 0 2.0000000000000027 0 3
-2 14.648082528168045 0.6480825281680453 1.0000000000000002 98.99999999999999 0 1.0000000000000004 1.0000000000000002 4
-2 14.604237338187863 0.6042373381878628 1.0000000000000004 98.99999999999997 0 0 2.0000000000000004 4
-2 14.537147932927471 0.5371479329274707 1. 98.9999999999999 0 2. 0 4
-2 14.547565582642655 0.5475655826426553 1.0000000000000002 98.99999999999994 0 1.0000000000000004 1.0000000000000004 4
-2 14.527403129912328 0.5274031299123272 1.0000000000000002 99. 0 1.0000000000000004 1.0000000000000002 4
-2 14.544995240964925 0.5449952409649249 1.0000000000000007 98.99999999999996 0 0 2.000000000000002 4
-2 14.489952895552971 0.4899528955529716 1.0000000000000002 98.9999999999999 0 0 2.0000000000000018 4
-2 14.704061641394258 0.7040616413942584 0.9999999999999993 98.99999999999986 0.9999999999999996 0 0 4
-2 14.648082528166926 0.6480825281669265 0.9999999999999991 98.99999999999984 0.9999999999999999 0 0 4
-2 14.547565582641287 0.5475655826412863 1.0000000000000007 99.00000000000001 1.0000000000000009 0 0 4
-2 14.527403129911649 0.5274031299116494 1.0000000000000002 99. 1.0000000000000002 0 0 4
-2 14.87284905783112 0.8728490578311204 0 98.99999999999991 0 0 2.0000000000000004 4
-2 14.833776897279849 0.8337768972798495 0 98.99999999999996 0 1.0000000000000004 1. 4
-2 14.748138671637912 0.7481386716379125 0 98.99999999999989 0 2.0000000000000004 0 3
-2 14.731889236628893 0.7318892366288939 0 98.99999999999982 0 0.9999999999999994 0.9999999999999999 4
-2 14.740969687229935 0.7409696872299358 0 98.9999999999999 0 0 2. 4
-2 14.692994086293133 0.6929940862931337 0 99.00000000000001 0 1.000000000000001 1.000000000000001 4
-2 14.604678344622934 0.6046783446229346 0 98.99999999999991 0 2.0000000000000004 0 3
-2 14.656514140244939 0.6565141402449391 0 98.99999999999997 0 0 2.000000000000002 4
-2 14.612623194307456 0.6126231943074557 0 98.99999999999991 0 1.0000000000000004 0.9999999999999999 4
-2 14.594456090311 0.5944560903110011 0 98.99999999999987 0 0 1.9999999999999993 4
-2 14.53065349403227 0.5306534940322701 0 98.99999999999999 0 1.0000000000000007 1.0000000000000004 4
-2 14.833776897281192 0.8337768972811921 0 99.00000000000003 1.0000000000000004 0 0 4
-2 14.731889236628554 0.7318892366285545 0 98.99999999999997 1.0000000000000004 0 0 4
-2 14.692994086292417 0.692994086292418 0 98.99999999999994 1.0000000000000004 0 0 4
-2 14.612623194308513 0.612623194308513 0 98.99999999999994 1. 0 0 4
-2 14.530653494031853 0.5306534940318522 0 98.99999999999993 1.0000000000000004 0 0 4
-2 14.69630287601821 0.6963028760182108 1.0000000000000002 79.99999999999996 0 1.000000000000001 2.0000000000000013 4
-2 14.65651414024488 0.65651414024488 0.9999999999999998 79.99999999999989 0 1.9999999999999998 0.9999999999999999 3
-2 14.696302876017809 0.6963028760178086 1. 79.9999999999999 0 0 3.000000000000001 4
-2 14.636619772358758 0.6366197723587574 0.9999999999999996 79.99999999999993 0 1.0000000000000002 1.9999999999999998 4
-2 14.636619772359344 0.6366197723593436 0.9999999999999998 79.99999999999986 0 0 3.0000000000000004 4
-2 14.696302876017656 0.6963028760176554 0.9999999999999998 79.99999999999994 1. 0 1. 4
-2 14.656514140244958 0.656514140244958 1.0000000000000002 79.99999999999996 1.0000000000000004 1. 0 3
-2 14.636619772357607 0.6366197723576071 1. 79.99999999999993 1.0000000000000004 0 1. 4
-2 14.775880347563016 0.7758803475630157 0 79.99999999999986 0 2.0000000000000004 0.9999999999999999 3
-2 14.736091611790359 0.7360916117903589 0 79.99999999999999 0 1.000000000000001 2.0000000000000018 4
-2 14.736091611789984 0.7360916117899843 0 79.99999999999991 0 0 3.0000000000000013 4
-2 14.775880347563639 0.7758803475636394 0 79.99999999999993 1.0000000000000007 1. 0 3
-2 14.736091611789702 0.7360916117897014 0 79.99999999999996 1.0000000000000002 0 1.000000000000001 4
-2 14.79577471545022 0.7957747154502203 0 62.99999999999991 0 1.0000000000000007 3. 4
-2 14.795774715449308 0.7957747154493082 0 62.99999999999993 0.9999999999999998 0 2.0000000000000004 4
0 14. 0 3.000000000000001 143. 0 0 0 2
0 14.466014206078517 0.4660142060785166 2. 142.99999999999991 0 0 0 3
0 14.445739057053151 0.4457390570531508 2.000000000000001 143.00000000000017 0 0 0 3
0 14.392556677913655 0.3925566779136543 2.000000000000001 142.99999999999997 0 0 0 3
0 14.380646997594468 0.38064699759446763 1.9999999999999991 142.9999999999999 0 0 0 3
0 14.377992989838269 0.37799298983826907 2.000000000000001 143.00000000000003 0 0 0 3
0 14.32364056598733 0.3236405659873297 2. 142.99999999999994 0 0 0 3
0 14.298989179663456 0.29898917966345634 2.0000000000000013 143.00000000000006 0 0 0 3
0 14.270077405711488 0.27007740571148725 1.9999999999999996 142.9999999999998 0 0 0 3
0 14.240033043992971 0.240033043992972 2.0000000000000004 142.9999999999999 0 0 0 3
0 14.206246784699857 0.20624678469985783 2. 142.9999999999999 0 0 0 3
0 14.711136099679853 0.7111360996798538 1.0000000000000004 143.00000000000009 0 0 0 4
0 14.685500967461595 0.6855009674615952 1.0000000000000007 142.99999999999997 0 0 0 4
0 14.676533540462616 0.6765335404626153 1.0000000000000002 143.0000000000001 0 0 0 4
0 14.664979358971472 0.664979358971472 1.0000000000000002 142.99999999999991 0 0 0 4
0 14.656739788852972 0.6567397888529724 1.0000000000000004 143.00000000000009 0 0 0 4
0 14.62793030231223 0.62793030231223 1.0000000000000002 142.99999999999991 0 0 0 4
0 14.610091682864976 0.6100916828649754 1.0000000000000002 143. 0 0 0 4
0 14.591150423554623 0.591150423554624 0.9999999999999996 142.99999999999986 0 0 0 4
0 14.589907000658439 0.5899070006584384 1. 143. 0 0 0 4
0 14.584423236213228 0.5844232362132284 1.0000000000000002 143. 0 0 0 4
0 14.57956191684366 0.5795619168436612 0.9999999999999998 142.99999999999991 0 0 0 4
0 14.534817679569608 0.5348176795696072 0.9999999999999993 142.9999999999999 0 0 0 4
0 14.521268217931407 0.5212682179314075 1.0000000000000002 142.99999999999994 0 0 0 4
0 14.511712517497799 0.5117125174977993 1.0000000000000002 142.99999999999994 0 0 0 4
0 14.50861090772659 0.5086109077265903 1. 142.99999999999994 0 0 0 4
0 14.485812896047678 0.48581289604767836 1.0000000000000002 143. 0 0 0 4
0 14.475435396668066 0.47543539666806656 1.0000000000000007 143.00000000000014 0 0 0 4
0 14.46950030855025 0.46950030855024993 1.0000000000000002 142.99999999999994 0 0 0 4
0 14.463605412250478 0.4636054122504783 1. 142.99999999999991 0 0 0 4
0 14.441418738307002 0.441418738307002 1.0000000000000002 143. 0 0 0 4
0 14.430374906924712 0.430374906924712 1. 142.99999999999994 0 0 0 4
0 14.41474683128848 0.4147468312884803 1.0000000000000002 143.00000000000009 0 0 0 4
0 14.409114544616273 0.40911454461627267 1.0000000000000002 142.99999999999997 0 0 0 4
0 14.360203153348222 0.3602031533482208 1.0000000000000002 142.99999999999991 0 0 0 4
0 14.357069903492125 0.35706990349212486 0.9999999999999993 142.99999999999974 0 0 0 4
0 14.322981945160436 0.32298194516043516 1.0000000000000002 142.99999999999994 0 0 0 4
0 14.31106013067986 0.3110601306798588 1. 143. 0 0 0 4
0 14.82505065789716 0.8250506578971596 0 142.99999999999997 0 0 0 4
0 14.78702811305519 0.7870281130551892 0 142.9999999999998 0 0 0 4
0 14.765862289824083 0.765862289824083 0 142.99999999999991 0 0 0 4
0 14.710905262850368 0.7109052628503674 0 143.00000000000006 0 0 0 4
0 14.696719135146783 0.696719135146782 0 142.99999999999997 0 0 0 4
0 14.671586337612885 0.6715863376128856 0 143.00000000000003 0 0 0 4
0 14.651652776000871 0.6516527760008702 0 143.00000000000009 0 0 0 4
0 14.602828988693084 0.602828988693083 0 142.99999999999997 0 0 0 4
0 14.58219850125875 0.5821985012587508 0 142.9999999999999 0 0 0 4
0 14.580891111657944 0.5808911116579443 0 142.99999999999994 0 0 0 4
0 14.567279932384968 0.5672799323849691 0 142.99999999999997 0 0 0 4
0 14.56489230430203 0.5648923043020295 0 142.99999999999994 0 0 0 4
0 14.52279782634493 0.52279782634493 0 143. 0 0 0 4
0 14.521972581678927 0.5219725816789275 0 142.99999999999994 0 0 0 4
0 14.501893078098496 0.5018930780984961 0 142.9999999999999 0 0 0 4
0 14.477481384594164 0.4774813845941645 0 142.9999999999999 0 0 0 4
0 14.469229886638024 0.4692298866380235 0 142.99999999999994 0 0 0 4
0 14.455204470726791 0.45520447072679093 0 143.00000000000003 0 0 0 4
0 14.442538630511349 0.4425386305113487 0 142.9999999999999 0 0 0 4
0 14.378885052117743 0.37888505211774287 0 142.99999999999972 0 0 0 4
0 14.318877353420689 0.3188773534206882 0 142.99999999999994 0 0 0 4
0 14.464346577222633 0.4643465772226324 2. 119.9999999999999 0 1.0000000000000004 0 3
0 14.464346577222631 0.46434657722263206 1.9999999999999996 119.99999999999989 0 0 1. 3
0 14.423596537210102 0.42359653721010226 1.9999999999999987 119.99999999999993 0 1.0000000000000002 0 3
0 14.423596537210104 0.423596537210103 2. 119.99999999999997 0 0 1.0000000000000004 3
0 14.339820225674183 0.33982022567418296 2.000000000000001 120.00000000000003 0 1.0000000000000007 0 3
0 14.339820225674183 0.33982022567418274 2. 119.99999999999997 0 0 1.0000000000000002 3
0 14.284208619240495 0.28420861924049495 2. 119.99999999999986 0 1. 0 3
0 14.284208619240495 0.2842086192404951 2. 119.99999999999999 0 0 1.0000000000000004 3
0 14.725692013856857 0.7256920138568569 0.9999999999999993 119.99999999999987 0 0.9999999999999998 0 3
0 14.725692013856857 0.7256920138568574 1.0000000000000002 119.99999999999996 0 0 1.0000000000000007 4
0 14.683757539162663 0.6837575391626627 1. 119.99999999999999 0 1.0000000000000002 0 3
0 14.65441598961337 0.654415989613369 0.9999999999999998 120.00000000000001 0 0.9999999999999997 0 3
0 14.683757539162663 0.6837575391626632 1. 119.99999999999997 0 0 1.000000000000001 4
0 14.65441598961337 0.6544159896133696 1.0000000000000007 120.00000000000006 0 0 1.0000000000000013 4
0 14.61855502599709 0.618555025997089 0.9999999999999998 119.99999999999983 0 0.9999999999999988 0 3
0 14.60351829603385 0.603518296033849 1. 119.99999999999996 0 0.9999999999999997 0 3
0 14.61855502599709 0.6185550259970892 1.0000000000000004 120.00000000000001 0 0 1. 4
0 14.60351829603385 0.6035182960338488 0.9999999999999998 119.99999999999997 0 0 1. 4
0 14.553372937088445 0.5533729370884459 0.9999999999999998 119.99999999999983 0 0.9999999999999999 0 3
0 14.538620658151208 0.5386206581512079 0.9999999999999998 119.99999999999986 0 1. 0 3
0 14.536279132576258 0.536279132576258 1.0000000000000004 120.00000000000003 0 1.0000000000000009 0 3
0 14.553372937088445 0.5533729370884457 1.0000000000000002 119.99999999999993 0 0 1.0000000000000007 4
0 14.538620658151208 0.5386206581512079 0.9999999999999993 119.99999999999987 0 0 0.9999999999999997 4
0 14.504827374348082 0.5048273743480824 1. 119.99999999999997 0 0.9999999999999998 0 4
0 14.536279132576258 0.5362791325762578 1.0000000000000004 119.99999999999993 0 0 1.0000000000000004 4
0 14.473478908080212 0.4734789080802118 1. 119.99999999999996 0 0.9999999999999997 0 3
0 14.504827374348082 0.5048273743480821 0.9999999999999998 119.99999999999991 0 0 0.9999999999999999 4
0 14.457654662889453 0.45765466288945256 1. 119.99999999999986 0 0.9999999999999997 0 3
0 14.473478908080212 0.4734789080802123 1.0000000000000007 119.99999999999994 0 0 1.0000000000000009 4
0 14.457654662889453 0.457654662889453 1.0000000000000007 119.99999999999999 0 0 1.000000000000001 4
0 14.407435902920964 0.407435902920964 1.0000000000000002 119.99999999999993 0 1.0000000000000007 0 3
0 14.394416814367567 0.39441681436756615 0.9999999999999998 119.99999999999994 0 1.0000000000000004 0 3
0 14.407435902920964 0.40743590292096427 1. 119.99999999999996 0 0 1.0000000000000004 4
0 14.394416814367567 0.3944168143675665 1.0000000000000002 119.99999999999993 0 0 1.0000000000000002 4
0 14.771844901014948 0.7718449010149482 0 119.99999999999999 0 1.0000000000000007 0 3
0 14.742195169603056 0.7421951696030558 0 119.99999999999994 0 1.0000000000000002 0 3
0 14.771844901014948 0.7718449010149482 0 119.99999999999993 0 0 1.0000000000000002 4
0 14.714811384593995 0.7148113845939947 0 119.9999999999998 0 0.9999999999999996 0 3
0 14.742195169603058 0.7421951696030566 0 120.00000000000003 0 0 1.0000000000000009 4
0 14.714811384593995 0.7148113845939956 0 119.99999999999993 0 0 1.0000000000000002 4
0 14.672830333901501 0.6728303339015014 0 119.99999999999987 0 0.9999999999999994 0 3
0 14.672830333901501 0.6728303339015023 0 120. 0 0 1.0000000000000009 4
0 14.605766566479256 0.6057665664792552 0 119.99999999999984 0 1.0000000000000007 0 3
0 14.605766566479256 0.6057665664792555 0 120. 0 0 1.0000000000000013 4
0 14.562899402641692 0.5628994026416924 0 119.99999999999987 0 0.9999999999999998 0 3
0 14.535198407422493 0.5351984074224927 0 119.99999999999986 0 1. 0 3
0 14.562899402641692 0.5628994026416927 0 119.99999999999993 0 0 1.0000000000000002 4
0 14.535198407422493 0.5351984074224932 0 119.99999999999994 0 0 1.0000000000000002 4
0 14.497359197154799 0.4973591971547983 0 119.99999999999996 0 1.0000000000000004 0 3
0 14.497359197154799 0.49735919715479826 0 119.99999999999994 0 0 1.0000000000000009 4
0 14.43767609349562 0.4376760934956205 2.0000000000000004 98.99999999999993 0 2.0000000000000013 0 2
0 14.43767609349562 0.43767609349562014 2. 98.99999999999996 0 0 2.0000000000000004 3
0 14.397887357721498 0.397887357721497 2.0000000000000004 99.00000000000006 0 1.0000000000000007 1.0000000000000004 3
0 14.39788735772198 0.39788735772198014 1.9999999999999996 98.99999999999993 0.9999999999999996 0 0 3
0 14.704061641394071 0.7040616413940721 0.9999999999999998 98.99999999999991 0 2. 0 3
0 14.696302876017842 0.6963028760178432 1. 98.9999999999999 0 1.0000000000000009 1.0000000000000002 3
0 14.68845556797896 0.6884555679789583 1.0000000000000002 99.00000000000006 0 1.0000000000000007 1.0000000000000004 3
0 14.648082528167635 0.6480825281676337 1. 98.99999999999991 0 2. 0 3
0 14.704061641394073 0.7040616413940727 1. 98.99999999999999 0 0 2.0000000000000004 4
0 14.648082528167633 0.6480825281676336 1. 98.99999999999991 0 0 2. 4
0 14.604237338187485 0.6042373381874847 1.0000000000000002 98.99999999999997 0 1.0000000000000007 1.0000000000000002 3
0 14.547565582643033 0.5475655826430335 1.0000000000000002 98.99999999999996 0 2.000000000000002 0 3
0 14.527403129912457 0.527403129912457 1.0000000000000002 98.99999999999996 0 2.0000000000000013 0 3
0 14.544995240965145 0.5449952409651442 1. 98.9999999999999 0 1.0000000000000007 1.0000000000000002 3
0 14.547565582643035 0.5475655826430339 1.0000000000000007 98.99999999999993 0 0 2.000000000000002 4
0 14.527403129912457 0.527403129912457 1.0000000000000004 98.99999999999997 0 0 2.0000000000000018 4
0 14.489952895553378 0.4899528955533772 0.9999999999999998 98.99999999999989 0 0.9999999999999998 0.9999999999999998 3
0 14.696302876016441 0.6963028760164406 1. 98.99999999999994 1. 0 0 3
0 14.688455567980185 0.6884555679801848 1.0000000000000007 98.99999999999999 1.0000000000000009 0 0 3
0 14.604237338187401 0.6042373381874004 1.0000000000000002 98.99999999999994 1.0000000000000002 0 0 3
0 14.544995240965552 0.5449952409655521 0.9999999999999998 98.99999999999989 1. 0 0 3
0 14.489952895551292 0.4899528955512917 0.9999999999999998 98.99999999999989 1. 0 0 3
0 14.87284905783103 0.8728490578310298 0 98.99999999999991 0 0.9999999999999992 1. 3
0 14.833776897280828 0.8337768972808272 0 98.99999999999997 0 2. 0 3
0 14.833776897280828 0.8337768972808274 0 98.99999999999993 0 0 2.000000000000001 4
0 14.731889236629094 0.7318892366290934 0 98.99999999999993 0 1.9999999999999996 0 3
0 14.740969687230336 0.7409696872303366 0 99.00000000000003 0 1.0000000000000004 0.9999999999999999 3
0 14.692994086292456 0.6929940862924562 0 98.99999999999989 0 1.9999999999999976 0 3
0 14.731889236629094 0.731889236629094 0 98.99999999999987 0 0 1.9999999999999993 4
0 14.692994086292456 0.6929940862924564 0 98.99999999999999 0 0 2.0000000000000013 4
0 14.656514140244322 0.6565141402443216 0 99. 0 1.0000000000000002 1.0000000000000007 3
0 14.612623194306993 0.612623194306993 0 98.99999999999994 0 2.0000000000000013 0 3
0 14.594456090311839 0.5944560903118387 0 98.99999999999996 0 1.0000000000000002 1.0000000000000002 3
0 14.612623194306993 0.6126231943069933 0 98.99999999999989 0 0 2. 4
0 14.53065349403429 0.5306534940342894 0 98.99999999999993 0 2.0000000000000004 0 3
0 14.53065349403429 0.5306534940342891 0 98.99999999999987 0 0 2.0000000000000004 4
0 14.872849057832202 0.8728490578322015 0 98.9999999999999 1.0000000000000004 0 0 3
0 14.740969687230622 0.740969687230623 0 98.99999999999991 1.0000000000000002 0 0 3
0 14.656514140243523 0.6565141402435234 0 98.99999999999993 1. 0 0 3
0 14.594456090310679 0.5944560903106798 0 98.99999999999994 1.0000000000000009 0 0 3
0 14.696302876017551 0.6963028760175505 1.0000000000000002 79.99999999999994 0 2.000000000000001 1.0000000000000007 3
0 14.6565141402446 0.6565141402445996 1. 79.99999999999989 0 3. 0 2
0 14.69630287601755 0.6963028760175498 0.9999999999999998 79.99999999999986 0 1.0000000000000002 2. 3
0 14.636619772359017 0.6366197723590168 0.9999999999999998 79.99999999999989 0 1.9999999999999991 0.9999999999999994 3
0 14.636619772359017 0.6366197723590173 1.0000000000000002 79.99999999999996 0 1.0000000000000009 2.000000000000001 3
0 14.6565141402446 0.6565141402445988 0.9999999999999998 79.9999999999999 0 0 2.9999999999999987 4
0 14.696302876017207 0.696302876017206 1.0000000000000002 79.99999999999994 0.9999999999999999 1. 0 3
0 14.696302876017205 0.6963028760172052 1. 79.99999999999991 0.9999999999999994 0 1. 3
0 14.636619772358292 0.6366197723582923 1.0000000000000004 79.99999999999991 1.0000000000000002 1.0000000000000002 0 3
0 14.636619772358292 0.6366197723582917 1.0000000000000002 79.99999999999993 1. 0 1.0000000000000004 3
0 14.775880347563417 0.775880347563417 0 79.9999999999999 0 3.000000000000002 0 2
0 14.736091611791034 0.736091611791034 0 79.99999999999986 0 1.9999999999999996 0.9999999999999991 3
0 14.775880347563417 0.7758803475634165 0 79.99999999999989 0 0 2.9999999999999996 4
0 14.736091611791034 0.7360916117910338 0 79.99999999999987 0 1. 2. 3
0 14.736091611790812 0.7360916117908122 0 79.99999999999989 1.000000000000001 0.9999999999999999 0 3
0 14.736091611790812 0.7360916117908127 0 79.99999999999993 1. 0 1.0000000000000007 3
0 14.79577471545029 0.7957747154502913 0 62.999999999999886 0 2. 1.9999999999999998 3
0 14.795774715449006 0.7957747154490068 0 62.99999999999993 1.0000000000000002 1.0000000000000002 0.9999999999999996 3
0 14.795774715449138 0.795774715449137 0 62.99999999999986 2.000000000000001 0 0 3
2 14.433600401122419 0.43360040112241827 1.9999999999999978 142.99999999999974 0 0 0 2
2 14.423184474570906 0.42318447457090547 1.9999999999999991 142.9999999999998 0 0 0 2
2 14.374886279751392 0.37488627975139205 1.9999999999999996 142.99999999999994 0 0 0 2
2 14.34659448846608 0.34659448846608004 1.9999999999999996 142.9999999999999 0 0 0 2
2 14.288437457966685 0.2884374579666858 1.9999999999999996 142.99999999999991 0 0 0 2
2 14.262639965649676 0.26263996564967534 2.0000000000000004 143. 0 0 0 2
2 14.24861687096847 0.24861687096847127 1.9999999999999996 142.9999999999999 0 0 0 2
2 14.178466334875846 0.1784663348758461 2.0000000000000004 142.99999999999994 0 0 0 2
2 14.702669307141939 0.7026693071419379 0.9999999999999998 142.99999999999997 0 0 0 3
2 14.669622702678602 0.6696227026786024 1.0000000000000002 143.00000000000006 0 0 0 3
2 14.665570023641376 0.6655700236413751 1.0000000000000004 143. 0 0 0 3
2 14.641880753511142 0.6418807535111428 0.9999999999999998 142.99999999999991 0 0 0 3
2 14.628807855609546 0.6288078556095467 0.9999999999999998 143. 0 0 0 3
2 14.604377898349709 0.6043778983497093 1.0000000000000002 143.00000000000003 0 0 0 3
2 14.59068606950833 0.5906860695083298 0.9999999999999998 142.99999999999986 0 0 0 3
2 14.564811674233002 0.564811674233002 1.0000000000000004 143. 0 0 0 3
2 14.556039357548851 0.5560393575488508 1.0000000000000002 143.00000000000003 0 0 0 3
2 14.532670220917117 0.5326702209171166 1.0000000000000007 143.00000000000014 0 0 0 3
2 14.506666393384737 0.5066663933847377 0.9999999999999998 142.99999999999977 0 0 0 3
2 14.499785373022975 0.49978537302297604 0.9999999999999993 142.99999999999977 0 0 0 3
2 14.497172610368194 0.4971726103681946 0.9999999999999998 142.99999999999974 0 0 0 3
2 14.48638511942581 0.48638511942580953 1.0000000000000007 143.00000000000009 0 0 0 3
2 14.471865193438818 0.4718651934388189 0.9999999999999993 142.99999999999986 0 0 0 3
2 14.459047458697793 0.45904745869779234 1.0000000000000002 142.99999999999994 0 0 0 3
2 14.441642445046927 0.441642445046928 0.9999999999999998 142.99999999999997 0 0 0 3
2 14.42871934884001 0.4287193488400105 1. 142.99999999999997 0 0 0 3
2 14.405548663453695 0.4055486634536956 1.0000000000000007 143.00000000000009 0 0 0 3
2 14.387992548037726 0.38799254803772626 1.0000000000000002 142.9999999999999 0 0 0 3
2 14.381137992007933 0.38113799200793314 0.9999999999999998 142.99999999999983 0 0 0 3
2 14.366227160766378 0.366227160766379 1. 142.99999999999997 0 0 0 3
2 14.354020221642193 0.3540202216421932 1. 143. 0 0 0 3
2 14.277297243382721 0.27729724338272044 1. 142.99999999999991 0 0 0 3
2 14.786800821441352 0.7868008214413514 0 143.00000000000014 0 0 0 3
2 14.752996731201272 0.752996731201272 0 143.00000000000009 0 0 0 3
2 14.723669221588818 0.723669221588817 0 142.99999999999991 0 0 0 3
2 14.706689388316294 0.7066893883162937 0 143.00000000000003 0 0 0 3
2 14.686144296638238 0.686144296638238 0 142.99999999999991 0 0 0 3
2 14.654908393580214 0.6549083935802138 0 142.99999999999997 0 0 0 3
2 14.63429762206779 0.634297622067789 0 142.99999999999991 0 0 0 3
2 14.60553754973624 0.6055375497362403 0 142.99999999999983 0 0 0 3
2 14.588608362937316 0.5886083629373166 0 142.99999999999997 0 0 0 3
2 14.563364586858574 0.5633645868585745 0 143. 0 0 0 3
2 14.528777673582319 0.5287776735823193 0 142.99999999999986 0 0 0 3
2 14.490027141560313 0.4900271415603131 0 143.00000000000006 0 0 0 3
2 14.478832753478379 0.47883275347837934 0 142.99999999999986 0 0 0 3
2 14.477716516343587 0.4777165163435867 0 142.99999999999983 0 0 0 3
2 14.423826727364885 0.4238267273648854 0 143. 0 0 0 3
2 14.372494919109004 0.3724949191090038 0 142.99999999999991 0 0 0 3
2 14.464346577223116 0.4643465772231159 1.9999999999999991 119.9999999999999 0 1. 0 2
2 14.423596537210656 0.42359653721065565 2. 119.99999999999987 0 1.0000000000000002 0 2
2 14.417781725609029 0.41778172560902854 2. 119.99999999999994 0 0 1.0000000000000004 2
2 14.339820225674782 0.3398202256747814 2. 119.99999999999986 0 0.9999999999999996 0 2
2 14.318309886178575 0.318309886178576 2.0000000000000004 120.00000000000006 0 0 1.0000000000000004 2
2 14.28420861923962 0.28420861923961904 1.9999999999999996 119.9999999999999 0 0.9999999999999996 0 2
2 14.725692013856987 0.725692013856987 1. 119.99999999999987 0 1.0000000000000002 0 3
2 14.683757539163146 0.6837575391631456 0.9999999999999993 119.99999999999989 0 1.0000000000000002 0 3
2 14.698595484683793 0.6985954846837924 1. 119.99999999999986 0 0 1. 3
2 14.654415989612499 0.6544159896124985 1.0000000000000004 120.00000000000001 0 1.0000000000000013 0 3
2 14.65319234768531 0.6531923476853109 1.0000000000000004 119.99999999999999 0 0 1.0000000000000009 3
2 14.6185550259974 0.6185550259974005 1.0000000000000007 120. 0 1.0000000000000009 0 3
2 14.603518296033931 0.6035182960339301 0.9999999999999998 119.99999999999997 0 1.0000000000000004 0 3
2 14.634207895902016 0.6342078959020152 1.0000000000000007 120.00000000000006 0 0 1.0000000000000007 3
2 14.592092895085377 0.5920928950853781 1.0000000000000007 120.00000000000003 0 0 1.0000000000000013 3
2 14.55337293708778 0.5533729370877792 1.0000000000000002 120. 0 1.0000000000000002 0 3
2 14.580628290065723 0.5806282900657227 0.9999999999999998 119.99999999999989 0 0 1. 3
2 14.53862065815156 0.5386206581515602 0.9999999999999998 119.99999999999991 0 1.0000000000000007 0 3
2 14.536279132576093 0.5362791325760924 0.9999999999999996 119.9999999999999 0 0.9999999999999998 0 3
2 14.504827374348455 0.5048273743484549 0.9999999999999998 119.99999999999994 0 1. 0 3
2 14.52612688060104 0.5261268806010413 1.0000000000000004 119.99999999999999 0 0 1.0000000000000013 3
2 14.473478908080418 0.4734789080804182 0.9999999999999993 119.99999999999983 0 0.9999999999999992 0 3
2 14.49423403071495 0.4942340307149488 1.0000000000000007 120. 0 0 1.0000000000000009 3
2 14.457654662888514 0.45765466288851303 0.9999999999999996 119.99999999999989 0 0.9999999999999997 0 3
2 14.478484478684976 0.47848447868497607 0.9999999999999993 119.9999999999998 0 0 0.9999999999999989 3
2 14.407435902921364 0.40743590292136417 1. 119.99999999999996 0 1.0000000000000002 0 3
2 14.394416814367133 0.3944168143671333 1.0000000000000007 120.00000000000001 0 1.0000000000000007 0 3
2 14.426507501919676 0.42650750191967685 1.0000000000000002 119.99999999999999 0 0 1.0000000000000004 3
2 14.381907771389224 0.3819077713892253 0.9999999999999998 119.99999999999984 0 0 0.9999999999999994 3
2 14.771844901013596 0.7718449010135957 0 120.00000000000001 0 1.0000000000000004 0 3
2 14.742195169601356 0.7421951696013555 0 120.00000000000003 0 1.0000000000000004 0 3
2 14.714811384593787 0.7148113845937873 0 119.99999999999977 0 0.9999999999999997 0 3
2 14.73871262293014 0.7387126229301416 0 119.99999999999999 0 0 1.0000000000000004 3
2 14.672830333902748 0.6728303339027476 0 119.99999999999987 0 0.9999999999999997 0 3
2 14.701718632445623 0.7017186324456219 0 119.9999999999999 0 0 1.0000000000000007 3
2 14.641998135029953 0.641998135029952 0 119.99999999999997 0 0 1.0000000000000002 3
2 14.605766566479792 0.6057665664797921 0 119.99999999999999 0 1.0000000000000004 0 3
2 14.5628994026412 0.5628994026412008 0 119.99999999999997 0 1.0000000000000002 0 3
2 14.576936668699378 0.5769366686993792 0 119.9999999999999 0 0 1. 3
2 14.53519840742321 0.5351984074232098 0 120. 0 1.0000000000000007 0 3
2 14.539879369495207 0.539879369495207 0 119.99999999999987 0 0 0.9999999999999998 3
2 14.497359197153017 0.497359197153016 0 119.99999999999996 0 1.0000000000000004 0 3
2 14.466291854431216 0.46629185443121474 0 119.9999999999998 0 0 0.9999999999999997 3
2 14.437676093495574 0.4376760934955737 1.9999999999999996 98.99999999999989 0 0.9999999999999999 0.9999999999999999 2
2 14.397887357722695 0.3978873577226956 2.0000000000000004 98.99999999999997 0 2.0000000000000013 0 2
2 14.437676093495433 0.4376760934954336 2.000000000000001 98.99999999999996 1. 0 0 2
2 14.696302876017404 0.6963028760174029 1. 98.99999999999997 0 2.0000000000000004 0 2
2 14.688455567979355 0.688455567979356 1.0000000000000002 99.00000000000003 0 2.000000000000002 0 2
2 14.704061641394432 0.7040616413944321 1.0000000000000002 98.99999999999997 0 1. 1.0000000000000009 3
2 14.648082528168045 0.648082528168045 0.9999999999999996 98.99999999999986 0 1.0000000000000002 1. 3
2 14.604237338187863 0.6042373381878627 0.9999999999999998 98.99999999999991 0 2.0000000000000004 0 2
2 14.616725404470278 0.6167254044702782 1. 98.99999999999991 0 0 2.000000000000001 3
2 14.544995240964925 0.5449952409649244 1. 98.99999999999994 0 2. 0 2
2 14.547565582642655 0.5475655826426555 1.0000000000000002 98.99999999999991 0 1.0000000000000009 1.0000000000000007 3
2 14.527403129912328 0.5274031299123276 1. 98.99999999999997 0 0.9999999999999998 1.0000000000000004 3
2 14.489952895552971 0.48995289555297156 0.9999999999999998 98.99999999999997 0 2.0000000000000004 0 2
2 14.537147932927471 0.5371479329274708 1.0000000000000004 98.9999999999999 0 0 2.000000000000001 3
2 14.704061641394258 0.7040616413942586 1.0000000000000004 98.99999999999989 1.0000000000000007 0 0 3
2 14.648082528166928 0.648082528166927 1.0000000000000002 99. 0.9999999999999997 0 0 3
2 14.547565582641285 0.5475655826412856 0.9999999999999996 98.99999999999993 0.9999999999999992 0 0 3
2 14.527403129911649 0.5274031299116493 0.9999999999999998 98.99999999999991 0.9999999999999999 0 0 3
2 14.87284905783112 0.87284905783112 0 99. 0 2.000000000000002 0 2
2 14.833776897279849 0.8337768972798495 0 98.99999999999986 0 0.9999999999999999 1.0000000000000004 3
2 14.740969687229937 0.740969687229936 0 98.99999999999999 0 2.0000000000000018 0 2
2 14.731889236628895 0.7318892366288949 0 99.00000000000001 0 1.0000000000000009 1.000000000000001 3
2 14.748138671637912 0.7481386716379124 0 98.99999999999987 0 0 2. 3
2 14.692994086293133 0.6929940862931334 0 98.99999999999994 0 1.0000000000000002 1.0000000000000002 3
2 14.656514140244939 0.6565141402449381 0 98.99999999999989 0 1.9999999999999993 0 2
2 14.594456090311 0.5944560903110013 0 98.99999999999987 0 2.0000000000000018 0 2
2 14.612623194307455 0.6126231943074553 0 98.99999999999991 0 0.9999999999999999 0.9999999999999997 3
2 14.604678344622934 0.6046783446229345 0 98.99999999999999 0 0 2.0000000000000004 3
2 14.53065349403227 0.5306534940322701 0 98.99999999999989 0 1.0000000000000002 1. 3
2 14.833776897281192 0.8337768972811918 0 98.99999999999989 1.0000000000000007 0 0 3
2 14.731889236628554 0.7318892366285547 0 98.99999999999991 1.0000000000000004 0 0 3
2 14.692994086292417 0.6929940862924173 0 98.9999999999999 0.9999999999999992 0 0 3
2 14.612623194308512 0.6126231943085123 0 98.99999999999991 1.0000000000000004 0 0 3
2 14.530653494031853 0.5306534940318521 0 98.99999999999996 0.9999999999999997 0 0 3
2 14.696302876017809 0.6963028760178092 0.9999999999999998 79.9999999999999 0 3.0000000000000013 0 2
2 14.696302876018212 0.6963028760182111 1.0000000000000007 79.99999999999993 0 2.0000000000000013 1.0000000000000007 2
2 14.636619772359344 0.6366197723593433 1.0000000000000002 79.99999999999994 0 3.000000000000001 0 2
2 14.636619772358758 0.6366197723587573 1. 79.99999999999994 0 1.9999999999999998 1. 2
2 14.65651414024488 0.6565141402448803 0.9999999999999998 79.99999999999987 0 1. 2. 3
2 14.696302876017656 0.6963028760176553 0.9999999999999998 79.9999999999999 1.0000000000000002 0.9999999999999999 0 2
2 14.636619772357607 0.6366197723576072 0.9999999999999998 79.99999999999994 1.0000000000000004 1.0000000000000007 0 2
2 14.656514140244958 0.6565141402449579 1. 79.99999999999997 1.0000000000000002 0 1.0000000000000002 3
2 14.736091611789984 0.7360916117899838 0 79.99999999999986 0 3.0000000000000004 0 2
2 14.775880347563016 0.7758803475630156 0 79.99999999999986 0 0.9999999999999998 2.0000000000000004 3
2 14.736091611790359 0.7360916117903585 0 79.99999999999996 0 2.0000000000000013 1.0000000000000007 2
2 14.775880347563639 0.7758803475636392 0 79.99999999999996 1. 0 1.0000000000000002 3
2 14.736091611789702 0.7360916117897014 0 79.99999999999997 1. 1.0000000000000002 0 2
2 14.79577471545022 0.7957747154502199 0 62.9999999999999 0 3.000000000000001 1.0000000000000004 2
2 14.795774715449308 0.7957747154493078 0 62.99999999999996 1.0000000000000002 2.000000000000001 0 2
4 14.424225198638329 0.4242251986383291 2. 143.00000000000006 0 0 0 2
4 14.41778172560952 0.4177817256095202 2. 142.99999999999997 0 0 0 2
4 14.407279633192797 0.4072796331927963 1.9999999999999996 142.99999999999997 0 0 0 2
4 14.312325743290204 0.31232574329020424 2. 142.99999999999991 0 0 0 2
4 14.287214834059874 0.28721483405987475 2.0000000000000004 143. 0 0 0 2
4 14.190345573540343 0.19034557354034343 1.9999999999999991 142.99999999999991 0 0 0 2
4 14.68428545405952 0.6842854540595197 0.9999999999999998 142.99999999999991 0 0 0 2
4 14.647770793863513 0.6477707938635138 1.0000000000000002 142.99999999999994 0 0 0 2
4 14.63514125196362 0.6351412519636211 1. 142.99999999999997 0 0 0 2
4 14.605054731038042 0.6050547310380419 1.0000000000000002 143. 0 0 0 2
4 14.571284335650617 0.5712843356506174 1.0000000000000002 142.99999999999991 0 0 0 2
4 14.553546829129111 0.5535468291291101 1.0000000000000004 143.00000000000009 0 0 0 2
4 14.548240779589662 0.5482407795896617 0.9999999999999993 142.99999999999983 0 0 0 2
4 14.524807105065513 0.5248071050655128 0.9999999999999993 142.9999999999997 0 0 0 2
4 14.510074786636412 0.5100747866364126 1. 142.99999999999994 0 0 0 2
4 14.475946994732867 0.4759469947328678 0.9999999999999998 142.99999999999986 0 0 0 2
4 14.460725666671069 0.4607256666710687 0.9999999999999998 142.99999999999977 0 0 0 2
4 14.43756579426885 0.4375657942688485 1. 142.99999999999994 0 0 0 2
4 14.415717729526067 0.4157177295260674 1.0000000000000002 142.99999999999994 0 0 0 2
4 14.388444577771342 0.38844457777134145 0.9999999999999998 143. 0 0 0 2
4 14.386503728293551 0.3865037282935507 1.0000000000000002 143. 0 0 0 2
4 14.311580275067532 0.311580275067533 1. 142.9999999999999 0 0 0 2
4 14.787484921786636 0.7874849217866356 0 143.00000000000009 0 0 0 2
4 14.755664125994263 0.7556641259942627 0 142.9999999999999 0 0 0 2
4 14.728087081478453 0.7280870814784529 0 142.99999999999994 0 0 0 2
4 14.654432173840021 0.6544321738400223 0 142.99999999999994 0 0 0 2
4 14.64397875229902 0.6439787522990207 0 142.99999999999994 0 0 0 2
4 14.607672952892933 0.6076729528929332 0 143. 0 0 0 2
4 14.578454315860988 0.5784543158609877 0 142.99999999999997 0 0 0 2
4 14.554967015119653 0.5549670151196533 0 143.00000000000006 0 0 0 2
4 14.534851348769962 0.5348513487699622 0 142.9999999999999 0 0 0 2
4 14.523754075211842 0.5237540752118424 0 143.0000000000001 0 0 0 2
4 14.494250921655492 0.4942509216554927 0 142.99999999999994 0 0 0 2
4 14.423490786996695 0.4234907869966954 0 142.99999999999986 0 0 0 2
4 14.413565948518597 0.413565948518597 0 143. 0 0 0 2
4 14.386406125314396 0.3864061253143956 0 142.99999999999997 0 0 0 2
4 14.417781725608004 0.4177817256080039 2.0000000000000004 120. 0 1.0000000000000002 0 1
4 14.377992989836367 0.37799298983636653 2.000000000000001 120. 0 0 1.0000000000000007 2
4 14.318309886178248 0.31830988617824896 2.000000000000001 120.00000000000003 0 1.0000000000000007 0 1
4 14.698595484683613 0.6985954846836141 1.0000000000000002 119.99999999999996 0 1.0000000000000004 0 2
4 14.653192347683184 0.6531923476831843 1.0000000000000002 120. 0 1.0000000000000007 0 2
4 14.634207895901087 0.6342078959010866 0.9999999999999993 119.99999999999991 0 1.0000000000000002 0 2
4 14.650148937387502 0.6501489373875029 1.0000000000000007 120.00000000000004 0 0 1.0000000000000007 2
4 14.592092895085695 0.592092895085695 1. 119.99999999999991 0 0.9999999999999998 0 2
4 14.61411281240107 0.6141128124010695 0.9999999999999998 119.99999999999999 0 0 1.0000000000000007 2
4 14.58062829006562 0.58062829006562 1.0000000000000004 120.00000000000003 0 1.0000000000000002 0 2
4 14.593417702684444 0.593417702684445 1.0000000000000002 119.99999999999994 0 0 1.0000000000000004 2
4 14.52612688060004 0.5261268806000405 1. 120. 0 1. 0 2
4 14.494234030714905 0.494234030714905 0.9999999999999998 119.99999999999997 0 1. 0 2
4 14.478484478685264 0.47848447868526384 0.9999999999999998 119.99999999999993 0 1.0000000000000002 0 2
4 14.48146903222529 0.4814690322252894 0.9999999999999993 119.99999999999982 0 0 0.9999999999999994 2
4 14.480878163167906 0.480878163167906 1.0000000000000002 119.99999999999993 0 0 1.0000000000000002 2
4 14.426507501918229 0.4265075019182288 1. 119.99999999999989 0 0.9999999999999998 0 2
4 14.381907771387908 0.38190777138790827 1.0000000000000002 119.99999999999999 0 1.0000000000000002 0 2
4 14.73871262292916 0.7387126229291604 0 119.99999999999994 0 1.0000000000000004 0 2
4 14.735065964526965 0.7350659645269657 0 120.00000000000009 0 0 0.9999999999999944 2
4 14.70171863244621 0.701718632446211 0 119.99999999999986 0 0.9999999999999926 0 2
4 14.641998135030473 0.6419981350304722 0 119.99999999999987 0 0.9999999999999998 0 2
4 14.616725404472293 0.6167254044722931 0 119.99999999999999 0 0 1.0000000000000007 2
4 14.576936668699194 0.5769366686991939 0 119.99999999999991 0 1.0000000000000002 0 2
4 14.539879369494503 0.5398793694945034 0 119.99999999999997 0 1.0000000000000007 0 2
4 14.543147172161815 0.5431471721618151 0 119.99999999999989 0 0 1. 2
4 14.46629185443036 0.46629185443035914 0 119.99999999999991 0 1.0000000000000004 0 2
4 14.43767609349448 0.43767609349447867 2.0000000000000004 99.00000000000001 0 2.0000000000000013 0 1
4 14.704061641393645 0.7040616413936457 1.0000000000000002 98.99999999999999 0 2.0000000000000004 0 2
4 14.64808252816793 0.64808252816793 1.0000000000000002 99.00000000000001 0 2.0000000000000013 0 2
4 14.616725404471175 0.6167254044711752 0.9999999999999993 98.9999999999999 0 0.9999999999999993 0.9999999999999993 2
4 14.547565582642585 0.5475655826425849 0.9999999999999998 98.99999999999994 0 1.9999999999999998 0 2
4 14.527403129912427 0.5274031299124265 0.9999999999999998 98.9999999999999 0 2.0000000000000004 0 2
4 14.537147932926459 0.537147932926458 1.0000000000000002 99.00000000000001 0 1.0000000000000009 1.0000000000000007 2
4 14.616725404471913 0.616725404471913 1.0000000000000004 99.00000000000001 1.0000000000000004 0 0 2
4 14.537147932926215 0.5371479329262152 1.0000000000000002 98.99999999999996 1.0000000000000004 0 0 2
4 14.833776897280682 0.8337768972806817 0 98.99999999999997 0 2. 0 2
4 14.7318892366292 0.731889236629201 0 99. 0 2.0000000000000013 0 2
4 14.748138671638088 0.7481386716380884 0 98.99999999999991 0 0.9999999999999992 0.9999999999999997 2
4 14.692994086291346 0.6929940862913463 0 98.99999999999999 0 2.0000000000000013 0 2
4 14.612623194307833 0.6126231943078325 0 98.99999999999996 0 2.0000000000000004 0 2
4 14.656514140243537 0.6565141402435366 0 98.99999999999987 0 0 1.9999999999999998 2
4 14.60467834462356 0.6046783446235594 0 98.9999999999999 0 0.9999999999999993 0.9999999999999994 2
4 14.530653494031936 0.5306534940319355 0 98.99999999999997 0 2.000000000000001 0 2
4 14.748138671639147 0.7481386716391472 0 98.99999999999994 0.9999999999999992 0 0 2
4 14.604678344623233 0.6046783446232327 0 98.99999999999999 1. 0 0 2
4 14.69630287601787 0.6963028760178702 1.0000000000000002 79.99999999999994 0 3.0000000000000013 0 1
4 14.636619772358559 0.6366197723585593 1.0000000000000002 79.99999999999996 0 3.000000000000001 0 1
4 14.656514140244706 0.6565141402447061 1.0000000000000004 79.99999999999994 0 2.000000000000001 1.0000000000000004 2
4 14.656514140243981 0.6565141402439815 1. 79.99999999999994 0.9999999999999997 1.0000000000000002 0 2
4 14.775880347563144 0.7758803475631443 0 79.99999999999996 0 2.000000000000001 1.0000000000000007 2
4 14.736091611790203 0.7360916117902032 0 79.99999999999989 0 2.999999999999999 0 1
4 14.775880347562632 0.7758803475626319 0 80.00000000000003 1.0000000000000002 1.0000000000000009 0 2
4 14.795774715450293 0.7957747154502932 0 62.99999999999992 0 3.9999999999999987 0 1
6 14.377992989837422 0.37799298983742236 2. 143.00000000000003 0 0 0 1
6 14.328257070120998 0.3282570701209986 2. 142.99999999999994 0 0 0 1
6 14.61004365737413 0.61004365737413 1. 143.00000000000003 0 0 0 1
6 14.58655843766237 0.5865584376623703 1.0000000000000002 143.0000000000001 0 0 0 1
6 14.573191387982138 0.5731913879821388 1. 143. 0 0 0 1
6 14.538134157002368 0.5381341570023688 0.9999999999999998 142.99999999999997 0 0 0 1
6 14.487048499445931 0.48704849944593065 1. 142.99999999999997 0 0 0 1
6 14.457107216656045 0.45710721665604487 1. 142.99999999999994 0 0 0 1
6 14.401648959428284 0.4016489594282838 0.9999999999999998 142.9999999999999 0 0 0 1
6 14.340062037593569 0.3400620375935694 1. 143. 0 0 0 1
6 14.707668363391797 0.7076683633917963 0 142.99999999999997 0 0 0 1
6 14.653601396936477 0.6536013969364758 0 143. 0 0 0 1
6 14.595376801291788 0.5953768012917886 0 143.00000000000003 0 0 0 1
6 14.547658659154438 0.5476586591544375 0 142.9999999999999 0 0 0 1
6 14.500822512278344 0.5008225122783432 0 142.99999999999994 0 0 0 1
6 14.451518687172888 0.4515186871728882 0 142.99999999999997 0 0 0 1
6 14.377992989834743 0.3779929898347434 1.9999999999999996 119.99999999999997 0 0.9999999999999999 0 1
6 14.65014893738658 0.6501489373865812 0.9999999999999998 119.99999999999999 0 0.9999999999999999 0 1
6 14.614112812400878 0.6141128124008782 0.9999999999999998 119.99999999999997 0 1. 0 1
6 14.593417702686377 0.5934177026863767 0.9999999999999996 119.99999999999993 0 0.9999999999999998 0 1
6 14.557042300810853 0.5570423008108532 0.9999999999999996 119.9999999999999 0 0 0.9999999999999999 1
6 14.481469032225512 0.4814690322255109 1. 119.99999999999997 0 1.0000000000000002 0 1
6 14.480878163167013 0.4808781631670126 1. 120. 0 1.0000000000000004 0 1
6 14.735065964524763 0.7350659645247629 0 120.00000000000004 0 1.0000000000000002 0 1
6 14.616725404471147 0.6167254044711477 0 119.99999999999997 0 1.0000000000000002 0 1
6 14.543147172162415 0.5431471721624149 0 119.99999999999986 0 0.9999999999999993 0 1
6 14.616725404472131 0.6167254044721305 0.9999999999999998 98.99999999999997 0 2.0000000000000004 0 1
6 14.537147932925953 0.5371479329259531 1.0000000000000002 99.00000000000004 0 2.0000000000000013 0 1
6 14.748138671637252 0.7481386716372513 0 98.99999999999999 0 2. 0 1
6 14.656514140243287 0.6565141402432865 0 98.99999999999991 0 0.9999999999999997 0.9999999999999994 1
6 14.6046783446237 0.6046783446237003 0 98.99999999999996 0 2.0000000000000004 0 1
6 14.656514140245825 0.6565141402458244 0 99.00000000000007 1.0000000000000009 0 0 1
6 14.656514140245157 0.656514140245157 1. 80. 0 3.0000000000000004 0 1
6 14.775880347563703 0.7758803475637023 0 79.99999999999999 0 3.0000000000000013 0 1
8 14.482438421240147 0.482438421240146 1. 142.99999999999997 0 0 0 0
8 14.632419546193717 0.6324195461937168 0 143. 0 0 0 0
8 14.471717871489364 0.4717178714893641 0 142.99999999999997 0 0 0 0
8 14.55704230081299 0.5570423008129902 1. 120.00000000000003 0 1.0000000000000002 0 0
8 14.656514140244155 0.6565141402441553 0 99.00000000000003 0 2.000000000000001 0 0